

military pay charts | 1949 to 2025 plus estimated to 2050 
















































  retirement pay calculator  
  military retirement pay calculator  
  
  - calculate retirement pay 
  
  - compare 3 different retirement dates  
  advanced calculator  
  retirement calculator with advanced options    
  
  - compare 2 different retirement ranks against 2 different retirement dates    
  
  - option to enter breaks in service for those who got out and back into the service 
  pay charts  
  you're on this page   

 
 



faq     1. military pay charts - from 1949 to 2025   
      estimated future military pay charts to year 2050   
  
  2. download military pay charts - pdf or jpg







 

 
   

    year:

1949
1950
1951
1952
1953
1954
1955
1956
1957
1958
1959
1960
1961
1962
1963
1964
1965
1966
1967
1968
1969
1970
1971
1972
1972 after 1 oct
1973
1974
1975
1976
1977
1978
1979
1980
1981
1982
1983
1984
1985
1986
1987
1988
1989
1990
1991
1992
1993
1994
1995
1996
1997
1998
1999
2000
2000 after 1 july
2001
2001 after 1 july
2002
2003
2004
2005
2006
2007
2007 after 1 apr
2008
2009
2010
2011
2012
2013
2014
2015
2016
2017
2018
2019
2020
2021
2022
2023
2024
2025
2026
2027
2028
2029
2030
2031
2032
2033
2034
2035
2036
2037
2038
2039
2040
2041
2042
2043
2044
2045
2046
2047
2048
2049
2050



      


grade: 
 
o-10
o-9
o-8
o-7
o-6
o-5
o-4
o-3
o-2
o-1
w-5
w-4
w-3
w-2
w-1
e-9
e-8
e-7
e-6
e-5
e-4
e-3
e-2
e-1



    
years of service:
 
over 40
over 38
over 36
over 34
over 32
over 30
over 28
over 26
over 24
over 22
over 20
over 18
over 16
over 14
over 12
over 10
over 8
over 6
over 4
over 3
over 2
under 2 years
under 4 months





military pay charts 1949 to 2025



2026 to 2050 are estimated. 
























 
 




 
  
 




















 
    
 




















 
    
 




















 
    
 




















 
    
 




















 
    
 




















 
    
 




















 
    
 




















 
    
 




















 
    
 




















 
    
 











 
    
 










print / download   


30 year chart pdf |
40 year chart pdf


30 year chart jpg |
40 year chart jpg



display 40 year chart   2025 military pay chart 4.5% pay raise

grade
>2 yrs
2
3
4
6
8
10
12
14
16
18
20
22
24
26
28
30
o-100.000.000.000.000.000.000.000.000.000.000.0018,808.2018,808.2018,808.2018,808.2018,808.2018,808.20o-9 0.000.000.000.000.000.000.000.000.000.000.0018,808.2018,808.2018,808.2018,808.2018,808.2018,808.20o-8 13,380.0013,818.9014,109.3014,190.3014,553.6015,159.3015,300.6015,876.3016,042.2016,538.1017,256.0017,917.2018,359.1018,359.1018,359.1018,359.1018,808.20o-7 11,117.7011,634.0011,873.1012,063.6012,407.1012,747.3013,140.0013,531.5013,925.1015,159.3016,202.1016,202.1016,202.1016,202.1016,285.5016,285.5016,611.00o-6 8,430.909,261.909,870.009,870.009,907.8010,332.3010,388.7010,388.7010,979.1012,022.8012,635.4013,247.7013,596.3013,949.1014,632.8014,632.8014,925.00o-5 7,028.407,917.308,465.408,568.608,910.909,114.909,564.909,895.8010,322.7010,974.3011,285.1011,592.3011,940.9011,940.9011,940.9011,940.9011,940.90o-4 6,064.207,019.707,488.907,592.408,027.108,493.609,075.009,526.209,840.6010,020.9010,125.0010,125.0010,125.0010,125.0010,125.0010,125.0010,125.00o-3 5,331.606,044.106,522.607,112.407,453.807,827.908,069.108,466.608,674.508,674.508,674.508,674.508,674.508,674.508,674.508,674.508,674.50o-2 4,606.805,246.706,042.906,247.206,375.306,375.306,375.306,375.306,375.306,375.306,375.306,375.306,375.306,375.306,375.306,375.306,375.30o-1 3,998.404,161.905,031.305,031.305,031.305,031.305,031.305,031.305,031.305,031.305,031.305,031.305,031.305,031.305,031.305,031.305,031.30o-3e0.000.000.007,112.407,453.807,827.908,069.108,466.608,802.608,995.209,257.709,257.709,257.709,257.709,257.709,257.709,257.70o-2e0.000.000.006,247.206,375.306,578.106,920.707,185.907,383.007,383.007,383.007,383.007,383.007,383.007,383.007,383.007,383.00o-1e0.000.000.005,031.305,372.405,571.305,774.405,973.606,247.206,247.206,247.206,247.206,247.206,247.206,247.206,247.206,247.20
grade
>2 yrs
2
3
4
6
8
10
12
14
16
18
20
22
24
26
28
30
w-5 0.000.000.000.000.000.000.000.000.000.000.009,797.4010,294.5010,665.0011,074.2011,074.2011,628.90w-4 5,510.405,926.806,096.906,264.306,552.906,838.207,127.107,560.907,941.908,304.308,601.608,891.109,315.609,664.8010,062.9010,062.9010,263.60w-3 5,032.205,241.305,457.005,526.905,752.206,195.606,657.606,875.107,126.807,385.407,851.908,166.308,354.408,554.508,827.208,827.208,827.20w-2 4,452.604,873.805,003.105,092.505,380.805,829.606,052.506,271.206,539.106,748.506,937.807,164.607,313.707,431.907,431.907,431.907,431.90w-1 3,908.104,329.304,442.104,681.204,963.505,379.905,574.305,847.006,114.306,324.606,518.406,753.606,753.606,753.606,753.606,753.606,753.60
grade
>2 yrs
2
3
4
6
8
10
12
14
16
18
20
22
24
26
28
30
e-90.000.000.000.000.000.006,657.306,807.906,997.807,221.607,447.807,808.408,114.708,436.008,928.608,928.609,374.10e-8 0.000.000.000.000.005,449.505,690.705,839.806,018.606,212.106,561.906,739.207,040.707,207.807,619.407,619.407,772.10e-7 3,788.104,134.304,293.004,502.104,666.504,947.605,106.305,387.105,621.405,781.305,951.106,017.106,238.206,356.706,808.806,808.806,808.80e-6 3,276.603,606.003,765.003,919.804,080.604,443.904,585.204,858.804,942.505,003.405,074.805,074.805,074.805,074.805,074.805,074.805,074.80e-5 3,001.503,203.703,358.803,517.203,763.804,021.804,234.504,259.704,259.704,259.704,259.704,259.704,259.704,259.704,259.704,259.704,259.70e-4 2,752.202,892.903,049.803,204.303,341.403,341.403,341.403,341.403,341.403,341.403,341.403,341.403,341.403,341.403,341.403,341.403,341.40e-3 2,484.602,640.602,800.802,800.802,800.802,800.802,800.802,800.802,800.802,800.802,800.802,800.802,800.802,800.802,800.802,800.802,800.80e-2 2,362.802,362.802,362.802,362.802,362.802,362.802,362.802,362.802,362.802,362.802,362.802,362.802,362.802,362.802,362.802,362.802,362.80e-12,108.102,108.102,108.102,108.102,108.102,108.102,108.102,108.102,108.102,108.102,108.102,108.102,108.102,108.102,108.102,108.102,108.10


military pay scale data from militarypay.com



disclaimer: our goal is to be as accurate as possible but we are not responsible for typographical or data errors.






















