


arizona daily wildcat - archives







dailywildcat.com
classifieds
pdf's
kamp radio
uatv channel 3
food guide




search the archives (past and present):

loading

here you can find archived
online issues prior to febuary 3, 2006
   2006 - 16 issues 


february
1 2  ( please goto
http://dailywildcat.com for
2006-present )


january
11 12 13 | 17 18 19 20 | 23 24 25 26 27
| 30 31



   2005 - 161 issues 


december
1 2 | 5 6 7


november


1 2 3 4 | 7 8 9 10 | 14 15 16 17 18 |
21 22 23 | 28
29 30

october

3 4 5 6 7 | 10 11 12 13 14 | 17 18 19
20 21 | 24 25
26 27 28 | 31

september
1 2 | 6 7 8 9 | 12 13 14 15 16 | 19 20 21 22 23 | 26 27 28 29 30


august

3 8 | 22 23 24 25 26 | 29 30 31


july



6 13 20 27 (campus guide)

june

8 15 22 29

may

2 3 4 | 11


april

1 | 4 5 6 7 8 | 11 12 13 14 15 | 18 19
20 21 22 | 25 26 27 28 29


march

1 2 3 4 | 7 8 9 10 11 | 21 22 23 24 25
| 28 29 30 31
ncaa tournament
coverage


february

1 2 3 4 | 7 8 9 10 11 | 14 15 16 17 18
| 21 22 23 24 25 | 28


january

12 13 14 | 18 19 20 21 | 24 25 26 27 28
| 31



   2004 - 160 issues 


december

1 2 3 | 6 7 8


november

1 2 3 4 5 | 8 9 10 11 12 | 15 16 17 18 19
| 22 23 24 25 26 | 29 30


october

1 | 4 5 6 7 8 | 11 12 13 14 15 | 18 19
20 21 22 | 25 26 27 28 29 (home coming)



family weekend special issue

september

1 2 3 | 7* 8 9 10 | 13 14 15 16 17 | 20
21 22 23 24 | 27 28 29 30


august

4 9 | 23 24 25 26 27 | 30 31


july

7 14 21 28


june

9 16 23 30


may

3 4 5 | 12 (commencement/year in
review)


april

1 2 | 5 6 7 8 9 | 12 13 14 15 16 | 19
20 21 22 23 | 26 27 28 29 30


march

1 2 3 4 5 | 8 9 10 11 12 | 22 23 24 25
26 | 29 30 31


february

2 3 4 5 6 | 9 10 11 12 13 | 16 17 18 19
20 | 23 24 25 26 27


january

14 15 16 | 20 21 22 23 | 26 27 28 29 30



* index page is missing


   2003 - 160 issues 


december

1 2 3 4 5 | 8 9 10


november

3 4 5 6 7 | 10 11 12 13 14 | 17 18 19 20
21 | 24 25 26 27 28


october

1 2 3 | 6 7 8 9 10 | 13 14 15 16 17 |
20 21 22 23 24 | 27 28 29 30 31


september

2 3 4 5 | 8 9 10 11 12 | 15 16 17 18 19
| 22 23 24 25 26 | 29 30


august

 6 11 | 25 26 27 28 29


july


2 9 16 23 30


june

11 18 25


may

1 2 | 5 6 7 | 14 (commencement)


april

1 2 3 4 | 7 8 9 10 11 | 14 15 16 17 18 |
21 22 23 24 25 | 28 29 30


march

3 4 5 6 7 | 10 11 12 13 14 | 24 25 26
27 28 | 31


february

3 4 5 6 7 | 10 11 12 13 14 | 17 18 19
20 21 | 24 25 26 27 28


january

15 16 17 | 21 22 23 24 | 27 28 29 30 31



   2002 - 160 issues 


december

2 3 4 5 6 | 9 10 11


november

1 | 4 5 6 7 8 | 11 12 13 14 15 | 18 19 20
21 22 | 25 26 27 28 29


october

1 2 3 4 | 7 8 9 10 11 | 14 15 16 17 18
| 21 22 23 24 25 | 28 29 30 31


september

3 4 5 6 | 9 10 11 12 13 | 16 17 18 19
20 | 23 24 25 26 27 | 30


august

5 | 26 27 28 29 30


july

2 10 17 24 31


june

5 12 19 26


may

1 | 8 (commencement)


april

1 2 3 4 5 | 8 9 10 11 12 | 15 16 17 18
19 | 22 23 24 25 26 | 29 30


march

1 | 4 5 6 7 8 | 18 19 20 21 22 | 25 26
27 28 29

february

1 | 4 5 6 7 8 | 11 12 13 14 15 | 18 19
20 21 22 | 25 26 27 28


january

9 10 11 | 14 15 16 17 18 | 21 22 23 24 25
| 28 29 30 31



   2001 - 160 issues 


december

3 4 5


november

1 2 | 5 6 7 8 9 | 12 13 14 15 16 | 19 20
21 22 23 | 26 27 28 29 30


october

1 2 3 4 5 | 8 9 10 11 12 | 15 16 17 18
19 | 22 23 24 25 26 | 29 30 31
family weekend
special issue


september

3
4 5 6 7 | 10 11 12 13 14 | 17 18 19 20
21 | 24 25 26 27 28


august

1 6 | 20 21 22 23 24 | 27 28 29 30 31


july

3 11 18 25


june

6 13 20 27


may

1 2 | 9 (commencement)


april

2 3 4 5 6 | 9 10 11 12 13 | 16 17 18 19 20 | 23 24 25
26 27 | 30


march

1 2 | 5 6 7 8 9 | 19 20 21 22 23 | 26
27 28 29 30


february

1 2 | 5 6 7 8 9 | 12 13* 14* 15 16 | 19
20 21 22 23 | 26 27 28


january

10 11 12 | 15 16 17 18 19 | 22 23 24 25 26
| 29 30 31



* missing issues




   2000 - 160 issues 


december

1 4 5 6


november

1 2 3 | 6 7 8 9 10 | 14 15 16 17 | 20
21 22 23 24 | 27 28 29 30


october

2 3 4 5 6 | 9 10 11 12 13 | 16 17 18 19
20 | 23 24 25 26 27 | 30 31


september

1 | 4 5 6 7 8 | 11 12 13 14 15 | 18 19 20
21 22 | 25 26 27 28 29


august

2 8 | 21 22 23 24 25 | 28 29 30 31


july


6 12 19 26


june

7 14 21 28


may

1 2 3 | 10
(commencement)


april

3 4 5 6 7 | 10 11 12 13 14 | 17 18 19
20
21 | 24 25 26 27 28


march

1 2 3 | 6 7 8 9 10 | 13 14 15 16 17 |
20 21 22 23 24 | 27 28 29 30 31


february

1 2 3 4 | 7 8 9 10 11 | 14 15 16 17 18
| 21 22 23 24 25 | 28 29


january

12 13 14 | 17 18 19 20 21 | 24 25 26 27
28 
| 31



   1999 - 157 issues 


december

1 2 3 | 6 7 8


november

1 2 3 4 5 | 8 9 10 11 12 | 15 16 17 18 19 | 22 23 24 25 26 | 29 30


october

1 | 4 5 6 7 8 | 11 12 13 14 15 | 18 19 20 21 22 | 25 26 27 28 29


september

1 2 3 | 6 7 8 9 10 | 13 14 15 16 17 | 20 21 22 23 24 | 27 28 29 30


august

4 9 | 23 24 25 26 27 | 30 31


july


7 14 21 28


june

9 16 23 30


may

3 4 5 | 12
(commencement)


april

1 2 | 5 6 7 8 9 | 12 13 14 15 16 | 19 20 21 22 23 | 26 27 28 29 30


march

1 2 3 4 5 | 8 9 10 11 12 | 15 16 17 18 19 | 22 23 24 25 26 | 29 30 31


february

1 2 3 4 5 | 8 9 10 11 12 | 15 16 17 18 19 | 22 23 24 25 26


 january
 13 14 15 | 18 19 20 21 22 | 25 26 27 28 29 


   1998 - 161 issues 


december

1 2 3 4 | 7 8 9

november

2 3 4 5 6 | 9 10 11 12 13 | 16 17 18 19 20 | 23 24 25 26 27 | 30

october

1 2 | 5 6 7 8 9 | 12 13 14 15 16 | 19 20 21 22 23 | 26 27 28 29 30

september

1 2 3 4 | 7 8 9 10 11 | 14 15 16 17 18 | 21 22 23 24 25 | 28 29 30

august

4* 10 | 24 25 26 27 28 | 31

july

1 8 15 22 29*

june

3
10 17 24

may

1 | 4 5 6  | 13

april

1 2 3 | 6 7 8 9 10 | 13 14 15 16 17 | 20 21 22 23 24 | 27 28 29 30

march

2 3 4 5 6 | 9 10 11 12 13 | 16 17 18 19 20 | 23 24 25 26 27 | 30 31

february
2 3 4 5 6 | 9 10 11 12 13 | 16 17 18 19 20 | 23 24 25 26 27


january
14 15 16 | 19 20 21 22 23 | 26 27 28 29 30



*missing from archives


   1997 - 160 issues 


december

1 2 3 4 5 | 8 9 10

november

3 4 5 6 7 | 10 11 12 13 14 | 17 18 19 20 21 | 24 25 26 27 28

october

1 2 3 | 6 7 8 9 10 | 13 14 15 16 17 | 20 21 22 23 24 | 27 28 29 30 31

september

1
2 3 4 5 | 8 9 10 11 12 | 15 16 17 18 19 | 22 23 24 25 26 | 29 30

august

6 11 | 25 26 27 28 29

july

2 9 16 23 30

june

11 18 25

may

1 2 | 5 6 7 | 14

april

1 2 3 4 | 7 8 9 10 11 | 14 15 16 17 18 | 21 22 23 24 25 | 28 29 30

march

3 4 5 6 7 | 10 11 12 13 14 | 17 18 19 20 21 | 24 25 26 27 28 | 31

february
3 4 5 6 7 | 10 11 12 13 14 | 17 18 19 20 21 | 24 25 26 27 28


january
15 16 17 | 20 21 22 23 24 | 27 28 29 30 31



   1996 - 160 issues 


december

2 3 4 5 6 | 9

november

1 | 4 5 6 7 8 | 11 12 13 14 15 | 18 19 20 21 22 | 25 26 27 28 29

october

1 2 3 4 | 7 8 9 10 11 | 14 15 16 17 18 | 21 22 23 24 25 | 28 29 30 31

september

2
3 4 5 6 | 9 10 11 12 13 | 16 17 18 19 20 | 23 24 25 26 27 | 30

august

7 | 21 22 23 | 26 27 28 29 30

july

3 10 17 24 31

june

5 12 19 26

may

1 | 8

april

1 2 3 4 5 | 8 9 10 11 12 | 15 16 17 18 19 | 22 23 24 25 26 | 29 30

march

1 | 4 5 6 7 8 | 11 12 13 14 15 | 18 19 20 21 22 | 25 26 27 28 29

february
1 2 | 5 6 7 8 9 | 12 13 14 15 16 | 19 20 21 22 23 | 26 27 28 29


january
11 12 | 15 16 17 18 19 | 22 23 24 25 26 | 29 30 31



   1995 - 141 issues 


december

1
| 4
5
6
7

november

1
2
3
| 6
7
8
9
10
| 14
15
16
17
| 20
21
22
23 25 | 27
28
29
30

october

2
3
4
5
| 9
10
11
12
13
| 16
17
18
19
20
| 23
24
25
26
27
| 31

september

1
| 5
6
7
8
| 11
12
13
14
| 18
19
20
21
| 25
26
27
28
29

august

23
24
28
30
31

july

5
12

june

7
21
28

may

2
3
10

april

3
4
5
6
| 10
11
12
13
14
| 17
18
19
20
21
| 24
25
26
27
28

march

1
2
3
| 6
7
8
9
10
| 20
21
22
23
24
| 27
28
29
30
31

february
2
3
| 6
7
8
10
| 13
14
15
16
17
| 20
21
22
23
24
| 27
28


january
12
13
| 18
19
20
| 23
24
25
26
| 30
31



   1994 - 86 issues 


december

2
5
6
7
8
9

november

1
2
3
4
7
8
9
14
15
21
22
29
30

october

3
4
5
7
10
11
13
14
17
18
21
24
25
26
27
28
31

september

1
2
6
7
8
9
12
15
16
19
20
21
22
23
28
29
30

august

24
25
29
30
31

july

6
12

june

7
21

may

2
3
4

april

4
5
6
7
8
11
12
13
14
15
18
19
20
21
22
25
26
27
28
29

march



february
23


january





copyright© 2009 arizona student media

