



baker dna study results
















baker
family


y-str dna study & lineages







•
join the baker dna study

• baker ancestors message board

• dna
questions & answers

•
dna test kit instructions


•
mtdna results page






the values in the table below have been grouped based on the y-dna test results
and available genealogies, paying particular attention to the guidelines set
forth by familytree dna in the following documents concerning
"interpreting genetic distance" in the
12-marker,
25-marker,
37-marker and
67-marker tests. the darker shaded boxes within a group
indicate a value difference from the most common value.

you can click on any kit number in the left-most column to bring up a window
with the corresponding genealogical information and contact email addresses. 


please email
any corrections/additions/suggestions to me.

a "+" sign after the last value of a
37-marker test means the 67-marker results are available by clicking on the
+.



 baker family y-str
dna comparison - ftdna sequence


 k
i
t
#

h
a
p
l
o

3
9
3

3
9
0

1
9

 3
9
1

3 
8
5
a

3 
8
5
b

 4
2
6

 3
8
8

4 
3
9

 3
8
9
-
1

3
9
2

 3
8
9
-
2

4 
5
8

4 
5
9
a

4 
5
9
b

 4
5
5

 4
5
4

 4
4
7

 4
3
7

 4
4
8

4 
4
9

4 
6
4
a

4 
6
4
b

4 
6
4
c

4 
6
4
d

4
6
0

g
a
t
a
h
4 

 y
c
a
i
i 
a

 y
c
a
i
i
b

 4
5
6

 6
0
7

5 
7
6

5 
7
0

c 
d
y
a

c 
d
y
b

4
4
2


4
3
8




  1. bakers of anne arundel and
baltimore counties, maryland


2429
j1
12
23
14
10
14
18
11
15
11
13
11
30



























4018
j1
12
23
14
10
14
18
11
15
11
13
11
29
17
8
9
11
11
25
14
20
24
12
14
16
17
11
10
22
22
15
14
15
19
32
32
13
10+


12019
j1
12
23
14
10
14
18
11
15
11
13
11
30
17
8
9
11
11
25
14
20
24
12
16
17
17














14186
j1
12
23
14
10
14
18
11
15
11
13
11
30
17
8
9
11
11
25
14
20
24
12
14
16
16
11
10
22
22
15
14
15
19
32
33
13
10


41119
j1c3d 
12
23
14
10
14
18
11
15
11
13
11
30
17
8
9
11
11
25
14
20
24
12
14
16
17
11
10
22
22
15
14
15
19
32
33
13
10+


42136
j1
12
23
14
10
14
18
11
15
11
13
11
30
17
8
9
11
11
25
14
20
24
12
14
16
16
11
10
22
22
15
14
15
19
32
32
13
10


59972
j1
12
23
14
10
14
18
11
15
11
13
11
30
17
8
9
11
11
25
14
20
--
12
14
16
17
11
10
22
22
15
14
15
19
32
32
13
10


69671
j1
12
23
14
10
14
18
11
15
11
13
11
30
17
8
9
11
11
25
14
20
--
12
14
16
17
11
10
22
22
16
14
15
19
32
32
13
10


70905
j1
12
23
14
10
14
18
11
15
11
13
11
30



























99732
j1
12
23
14
10
14
18
11
15
11
13
11
30



























112398
j1
12
23
14
10
14
18
11
15
11
13
11
30
17
8
9
11
11
25
14
20
24
12
14
16
17
11
10
22
22
15
14
15
19
32
33
13
10


117424
j1c3d
12
23
14
10
14
18
11
15
11
13
11
30
17
8
9
11
11
25
14
20
24
12
14
16
17
11
10
22
22
15
14
15
19
32
32
13
10+


189300
j1
12
23
14
10
14
18
11
15
11
13
11
30
17
8
9
11
11
25
14
20
25
12
14
16
17
11
10
22
22
15
14
15
19
32
32
13
10


200518
j1
12
23
14
10
14
18
11
15
11
13
11
30
17
8
9
11
11
25
14
20
24
12
14
16
17
11
10
22
22
15
14
15
19
32
33
13
10


211200
j1
12
23
14
10
14
18
11
16
11
13
11
30
17
8
9
11
11
25
14
20
24
12
14
17
17
11
10
22
22
15
14
15
19
32
32
13
10


260650
j1
12
23
14
10
14
18
11
16
11
13
11
30
18
8
9
11
11
25
14
20
24
12
14
16
17
11
10
22
22
15
14
15
19
32
32
12
10


307105
j1
12
23
14
10
15
18
11
15
11
13
11
30
17
8
9
11
11
25
14
20
24
12
14
16
17
11
10
22
22
15
14
15
19
32
32
13
10


384282
j1
12
23
14
10
14
18
11
15
11
13
11
30
17
8
9
11
11
25
14
20
24
12
14
16
17
11
10
22
22
15
14
15
19
32
32
13
10


415513
j1
12
23
14
10
14
18
11
15
11
13
11
30
17
8
9
11
11
26
14
20
24
12
14
16
17
11
10
22
22
15
14
15
19
32
32
13
10


908770

12
23
14
10
1418
11
15
11
13
11
30
17
89
11
11
25
14
20
24
12141617
11
10
2222
15
14
15
18
3132
13
10+


b59556
j1c3d
12
23
14
10
14
18
11
15
11
13
11
30
17
8
9
11
11
25
14
20
24
12
14
16
17
11
10
22
22
15
14
15
19
32
33
13
10+


b567089

12
23
14
10
14
18
11
15
11
13
11
30
17
8
9
11
11
25
14
20
24
12
14
16
17
11
10
22
22
15
14
15
19
32
33
13
10+


  2. isaac baker, 1757-1818
tn


1095
e1b1b1
13
23
13
9
13
14
11
12
10
13
11
29



























1101
e1b1b1
13
23
13
9
13
14
11
12
10
13
11
29
18
9
9
11
12
23
14
20
33
14
14
18
18
11
11
19
22
15
13
18
24
40
40
12
10+


65114
e1b1b1
13
23
13
9
13
14
11
12
10
13
11
29
18
9
9
11
12
23
14
20
33
14
14
18
18
11
11
19
22
15
13
18
25
40
40
12
10


99128
e1b1b1
13
23
13
9
13
14
11
12
10
13
11
29
18
9
9
11
12
23
14
20
32
14
14
18
18
11
11
19
22
15
13
19
24
40
40
12
10


249437
e1b1b1
13
23
13
9
13
14
11
12
10
13
11
29



























855353
e1b1b1
13
23
13
9
13
14
11
12
10
13
11
29
18
9
9
11
12
23
14
20
33
14
14
18
18
11
11
19
22
15
13
19
24
39
39
12
10


999436
e1b1b1
13231391314111210131129189911122314203314141818111119221513192438381210


n62517
e1b1b1
13
23
13
9
13
14
11
12
10
13
11
29



























  3. rev. andrew/john
renta/morris/robert baker, etc.


1097
i1
13
23
14
10
13
15
11
14
11
12
11
28



























1120
i1
13
23
14
10
13
15
11
14
11
12
11
28
15
8
9
8
11
23
16
20
28
12
14
15
16
10
10
19
21
14
14
16
21
35
36
11
10


1122
i1
13
23
14
10
13
15
11
14
11
12
11
28



























1124
i1
13
23
14
10
13
15
11
14
11
12
11
28



























1608
i1
13
23
14
10
13
15
11
14
11
12
11
28



























1744
i1
13
23
14
10
13
15
11
14
11
12
11
28



























2316
i1
13
23
14
10
13
15
11
14
11
12
11
28



























2339
i1
13
23
14
10
13
15
11
14
11
12
11
28
15
8
9
8
11
23
16
20
28
12
14
15
16
10
10
19
21
14
15
16
20
35
36
11
10+


2357
i1
13
23
14
10
13
15
11
14
11
12
11
28
15
8
9
8
11
23
16
20
28
12
14
15
16
11
10
19
21
14
14
16
20
35
36
11
10+


2782
i1
13
23
14
10
13
15
11
14
11
12
11
28



























3400
i1
13
23
14
10
13
15
11
14
11
12
11
28



























3411
i1
13
23
14
10
13
15
11
14
12
12
11
28
15
8
9
8
11
23
16
20
28
12
14
15
16














4003
i1
13
23
14
10
13
15
11
14
11
12
11
28
15
8
9
8
11
23
16
20
28
12
14
15
16














4039
i1
13
23
14
10
13
15
11
14
11
12
11
28



























4392
i1
13
23
14
10
13
15
11
14
11
12
11
28



























4396
i1
13
23
14
10
13
15
11
14
11
12
11
28



























4461
i1
13
23
14
10
13
15
11
14
11
12
11
28



























4822
i1
13
23
14
10
13
15
11
14
11
12
11
28
15
8
9
8
11
23
16
19
28
12
14
15
16
10
10
19
21
14
14
16
20
35
36
11
10


5832
i1
13
23
14
10
13
15
11
14
11
12
11
28



























6145
i1
13
23
14
10
13
15
11
14
11
12
11
28
15
8
9
8
11
23
16
20
28
12
14
15
16
10
10
19
21
14
14
16
21
35
36
11
10


8426
i1
13
23
14
10
13
15
11
14
11
12
11
28



























9207
i1
13
23
14
10
13
15
11
14
11
12
11
28
15
8
9
8
11
23
16
20
28
12
14
15
16
10
10
19
21
14
14
16
20
35
36
11
10+


10872
i1
13
23
14
10
13
15
11
14
11
12
11
28
15
8
9
8
11
23
16
20
28
12
14
15
16
10
10
19
22
14
14
16
20
35
36
11
10


11908
i1
13
23
14
10
13
15
11
14
11
12
11
29
15
8
9
8
11
23
16
20
28
12
14
15
16














18673
i1
13
23
14
10
13
15
11
14
12
12
11
28
15
8
9
8
11
23
16
20
28
12
14
15
16
10
10
19
21
14
14
17
21
35
36
11
10+


23383
i1
13
23
14
10
13
15
11
14
11
12
11
28



























27322
i1
13
23
14
10
13
15
11
14
11
12
11
28



























27946
i1
13
23
14
10
13
15
11
14
11
12
11
28



























28156
i1
13
23
14
10
13
15
11
14
11
12
11
28



























28928
i1
13
23
14
10
13
15
11
14
11
12
11
28
15
8
9
8
11
23
16
20
28
12
14
15
16
10
10
19
21
14
14
16
20
35
36
11
10+


29754
i1
13
23
14
10
13
15
11
14
11
12
11
28
15
8
9
8
11
23
16
20
28
12
14
15
16
10
10
19
21
14
14
16
20
35
36
11
10


31139
i1
13
23
14
10
13
15
11
14
11
12
11
28
15
8
9
8
11
23
16
20
28
12
14
15
16
10
10
19
21
14
14
16
20
35
36
11
10


33156
i1
13
23
14
10
13
15
11
14
11
12
11
28
15
8
9
8
11
23
16
20
29
12
14
15
16
10
10
19
21
14
14
16
20
35
36
11
10


45622
i1
13
23
14
10
13
15
11
14
11
12
11
28
15
8
9
8
11
23
16
20
28
12
14
15
16
10
10
19
21
14
14
16
20
35
36
11
10+


46342
i1
13
23
14
10
13
15
11
14
11
12
11
28
15
8
9
8
11
22
16
20
30
12
14
15
16
10
10
19
21
14
14
16
20
35
36
11
10


58438
i1
13
23
14
10
13
15
11
14
11
12
11
28
15
8
9
8
11
23
16
20
28
12
14
15
16
10
10
19
21
14
14
16
20
35
36
11
10


59707
i1
13
23
14
10
13
15
11
14
11
12
11
28



























85730
i1
13
23
14
10
13
15
11
14
12
12
11
28
15
8
9
8
11
23
16
20
28
12
14
15
16
10
10
19
21
14
14
16
20
35
36
11
10


86416
i1
13
23
14
10
13
15
11
14
11
12
11
28
15
8
9
8
11
23
15
20
28
12
14
15
16
10
10
19
21
14
14
16
20
35
36
11
10


128902
i1
13
24
14
10
13
15
11
14
11
12
11
28
15
8
9
8
11
23
16
20
28
12
14
15
16
10
10
19
21
14
14
16
20
35
36
11
10


134762
i1
13
23
14
10
13
15
11
14
11
12
11
28
15
8
9
8
11
23
16
20
28
12
14
15
16
10
10
19
21
14
14
16
19
35
36
11
10


135056
i1
13
23
14
10
13
15
11
14
11
12
11
28
15
8
9
8
11
23
16
20
28
12
14
15
16
10
10
19
21
14
14
16
20
35
36
11
10+


137221
i1
13
23
14
10
13
15
11
14
11
12
11
28



























156285
i1
13
23
14
10
13
15
11
14
11
12
11
28
15
8
9
8
11
23
16
20
28
12
14
15
16
10
10
19
21
14
14
16
20
35
36
11
10


167135
i1
13
23
14
10
13
15
11
14
11
12
11
28
15
8
9
8
11
23
16
20
28
12
14
15
16
10
10
19
21
14
14
16
20
35
36
11
10+


183212
i1
13
23
14
10
13
15
11
14
11
12
11
28
15
8
9
8
11
23
16
20
28
12
14
15
16
10
10
19
21
14
14
17
20
35
36
11
10+


341760
i1
13
23
14
10
13
15
11
14
11
12
11
28
15
8
9
8
11
23
16
20
28
12
14
15
16
10
10
19
21
14
14
16
21
35
36
11
10


392606
i1
13
23
14
10
13
15
11
14
11
12
11
28
15
8
9
8
11
23
16
20
28
12
14
15
16
10
10
19
21
14
14
16
20
35
36
11
10+


423491
i1
13
23
14
10
13
15
11
14
11
12
11
28
15
8
9
8
11
23
16
20
28
12
14
15
16
10
10
19
21
14
14
16
21
35
36
11
10


409496
i1
13
23
14
10
13
15
11
14
11
12
11
28
15
8
9
8
11
23
16
20
28
12
14
15
16
10
10
19
21
14
14
16
20
35
35
11
10+


416568
i1
13
23
14
10
13
15
11
14
12
12
11
28
15
8
9
8
11
23
16
20
28
12
14
15
16
10
10
19
21
14
14
17
21
35
36
11
10


935802
i1
13
23
14
10
13
15
11
14
11
12
11
28
15
8
9
8
11
23
16
20
28
12
14
15
16
10
10
19
21
14
14
16
20
35
36
11
10+


965417
i1
13
23
14
10
13
15
11
14
11
12
11
28
15
8
9
8
11
23
16
20
28
12
14
15
16
10
10
19
21
14
14
17
20
35
36
11
10+


n77225
i1
13
23
14
10
13
15
11
14
11
12
11
28



























a0008
i1
13
23
14
10
13
15
11
14
11
12
11
28
15
8
9
8
11
23
16
20
28
12
14
15
16
10
10
19
21
14





11
10


b6242
i1
13
23
14
10
13
15
11
14
11
12
11
28
15
8
9
8
11
23
16
20
28
12
14
15
16
10
8
19
21
14





11
10


b152721
i1
13
23
14
10
13
15
11
14
11
12
11
28
15
8
9
8
11
23
16
20
29
12
14
15
16
10
10
19
21
14
14
16
21
35
36
11
10


  4. robert "the gunsmith"
baker


1513
r1b1a2
13
23
14
11
11
14
12
12
11
13
13
29
17
9
9
11
11
24
15
19
29
15
15
17
18














1525
r1b1a2
13
23
14
11
11
14
12
12
11
13
13
29
17
9
9
11
11
24
15
19
29
15
15
17
19














9884
r1b1a2
13
23
14
11
11
14
12
12
11
13
13
29
17
9
9
11
11
24
15
19
29
15
15
15
17














14575
r1b1a2
13
23
14
11
11
14
12
12
11
13
13
29
17
9
9
11
11
24
15
19
29
14
15
17
19














33929
r1b1
13
23
14
11
11
14
12
12
11
13
13
29
16
9
9
11
11
24
15
19
29
15
15
17
18
11
11
22
22
16
14
17
17
39
39
12
12+


89247
r1b1a2
13
23
14
11
12
14
12
12
11
13
13
29
18
9
9
11
11
24
15
19
29
15
15
17
19
11
11
22
22
16
14
17
17
39
40
12
12


128561
r1b1a2
13
23
14
11
11
14
12
12
11
13
13
29
17
9
9
11
11
24
15
19
29
15
15
17
19
11
11
22
22
16
14
17
17
38
40
12
12+


164662
r1b1a2
13
23
14
12
12
14
12
12
11
13
13
29
17
9
9
11
11
24
15
19
29
15
15
17
19
11
11
22
22
16
14
17
17
39
40
12
12


188087
r1b1a2
13
23
14
11
11
14
12
12
11
13
13
29
17
9
9
11
11
24
15
19
29
15
15
17
19
11
11
22
22
16
14
17
17
38
40
12
12+


264985
r1b1a2
13
23
14
11
12
14
12
12
11
13
13
29
17
9
9
11
11
24
15
19
29
15
15
17
19
11
11
22
22
16
14
17
16
38
39
12
12+


320528
r1b1a2
13
23
14
11
11
14
12
12
11
13
13
29
17
9
9
11
11
24
15
19
29
15
15
17
19
11
11
22
22
16
14
17
17
38
40
12
12


355615
r1b1a2
13
23
14
11
12
14
12
12
11
13
13
29
17
9
9
11
11
24
15
19
29
15
15
17
19
11
11
22
22
16
14
17
17
39
40
12
12+


128561
r1b1a2
13
23
14
11
11
14
12
12
11
13
13
29
17
9
9
11
11
24
15
19
29
15
15
17
19
11
11
22
22
16
14
17
17
38
40
12
12+


392106
r1b1a2
13
23
14
11
11
14
12
12
11
13
13
29
17
9
9
11
11
24
15
19
29
15
15
17
17
11
11
22
22
16
14
17
17
38
40
12
12+


760424
r1b1a2
13
23
14
11
11
14
12
12
11
13
13
29
17
9
9
11
11
24
15
19
29
15
15
17
18
11
11
22
22
16
14
17
17
38
40
12
12


792823
r1b1a2
13
23
14
11
11
14
12
12
11
13
13
29
17
9
9
11
11
24
15
19
29
15
15
17
18
11
11
22
22
16
14
18
17
38
40
12
12+


826720
r1b1a2
13
23
14
11
11
14
12
12
11
13
13
29
17
9
9
11
11
24
15
19
29
15
15
17
18
11
11
22
22
15
14
17
17
38
40
12
12+


905732

13
23
14
11
11
14
12
12
11
13
13
29
17
9
9
11
11
24
15
19
29
15
15
17
19
11
11
22
22
16
14
17
17
38
40
12
12


b7135
r1b1a2
13
23
14
11
11
14
12
12
11
13
13
28
18
9
9
11
11
24
15
19
29
15
15
17
19
11
10
22
22
16
14
17
16
39
40
12
12


n8793
r1b1a2
13
23
14
11
12
14
12
12
11
13
13
29
17
9
9
11
11
24
15
19
29
15
15
15
17
11
11
22
22
16
14
17
17
39
41
12
12


  5. humphrey baker


3711
r1b1a2
13
24
14
11
11
14
12
12
11
13
13
29
19
9
9
11
11
25
15
19
29
15
15
17
18
10
11
19
23
16
16
18
18
33
36
12
12+


6723
r1b1a1a1a1a3a1
13
24
14
11
11
14
12
12
11
13
13
29
18
9
9
11
11
25
15
19
29
15
15
17
18
10
11
19
23
16
16
18
18
33
36
12
13+


5823
r1b1a1a1a1a3a1
13
24
14
11
11
14
12
12
11
13
13
29
18
9
9
11
11
25
15
19
29
15
15
17
18
10
11
19
23
16
16
18
18
33
36
12
12


8027
r1b1a2
13
24
14
11
11
14
12
12
11
13
13
29
18
9
9
11
11
25
15
19
29
15
15
17
18
10
11
19
23
16
16
19
17
33
36
12
12+


12260
r1b1a2
13
24
14
11
11
14
12
12
11
13
13
29
18
9
9
11
11
25
15
19
29
15
15
17
18
10
11
19
23
16
16
18
18
33
36
12
12+


13551
r1b1a2
13
24
14
11
11
14
12
12
11
13
13
29
18
9
9
11
11
25
15
19
29
15
15
17
18
10
10
19
23
16
16
18
18
33
36
12
12


16151
r1b1a2
13
24
14
11
11
14
12
12
11
13
13
29
18
9
9
11
11
25
15
19
29
15
15
15
15
10
11
19
23
16
15
17
18
33
37
11
12+


19667
r1b1a2
13
24
14
11
11
14
12
12
11
13
13
29
18
9
9
11
11
25
15
19
29
15
15
17
18
10
11
19
23
16
16
17
18
33
36
13
12+


20965
r1b1a2
13
24
14
11
11
14
12
12
11
13
13
29
18
9
9
11
11
25
15
19
29
15
15
17
18
10
11
19
23
16
16
18
18
33
36
12
12


48325
r1b1a2
13
24
14
11
11
14
12
12
11
13
13
29
18
9
9
11
11
25
15
19
29
15
16
17
17
10
11
19
23
16
15
18
18
33
37
12
12+


63587
r1b1a2
13
24
14
11
11
14
12
12
11
13
13
29
18
9
9
11
11
25
15
19
29
15
15
17
18
10
11
19
23
16
16
18
18
33
36
12
12


68202
r1b1a2
13
24
14
11
11
14
12
12
11
13
13
29
18
9
9
11
11
25
15
19
29
15
15
17
18
10
11
19
23
16
16
18
18
33
36
12
12


64806
r1b1a1a1a1a3a1
13
24
14
11
11
14
12
12
11
13
13
29
18
9
9
11
11
25
15
19
29
15
15
17
18
10
11
19
23
16
16
18
18
33
36
12
12


74442
r1b1a2
13
24
14
11
11
14
12
12
11
13
13
29
18
9
9
11
11
25
15
19
29
15
15
18
18
10
11
19
23
17
16
18
18
33
36
12
12+


83510
r1b1a2
13
24
14
11
11
14
12
12
11
13
13
29
18
9
9
11
11
25
15
19
29
15
15
17
18
10
11
19
23
16
16
18
18
33
36
13
12+


123849
r1b1a2
13
24
14
11
11
14
12
12
11
13
13
29
18
9
9
11
11
25
15
19
29
15
15
17
18
10
11
19
23
16
16
19
18
33
36
12
12+


131284
r1b1a2
13
24
14
11
11
14
12
12
11
13
13
29
18
9
9
11
11
25
15
19
29
15
15
17
18
10
11
19
23
16
16
18
18
33
36
12
12


170893
r1b1a2
13
24
14
11
11
14
12
12
11
13
13
29
18
9
9
11
11
25
15
19
29
15
15
17
18
10
11
19
23
16
16
18
18
33
36
12
12


176437
r1b1a1a1a1a3a1
13
24
14
11
11
14
12
12
11
13
13
29
18
9
9
11
11
25
15
19
29
15
15
17
18
10
11
19
23
16
16
19
18
33
36
12
12+


337189
r1b1a1a1a1a3a1
13
24
14
11
11
14
12
12
11
13
13
29
18
9
9
11
11
25
15
19
29
15
15
17
18
10
11
19
23
16
16
18
18
33
36
12
12


360481
r1b1a2
13
24
14
11
11
14
12
12
11
13
13
29
18
9
9
11
11
25
15
19
29
15
15
17
18
10
11
19
23
16
16
18
18
33
36
12
12


905894

13
24
14
11
11
14
12
12
11
13
13
29
18
9
9
11
11
25
15
19
29
15
16
17
18
10
11
19
23
16
16
17
18
33
36
12
12+


n44344
r1b1a2
13
24
14
11
11
14
12
12
11
13
13
29



























  5a. martin, david, remember baker
--web
site


22075
r1b1a2
13
24
14
11
11
14
12
12
12
13
13
29
18
9
9
11
11
25
15
19
29
15
15
15
17
10
11
19
23
16
16
20
18
33
35
12
12+


40068
r1b1a2
13
24
14
11
11
14
12
12
12
13
13
29
18
9
9
11
11
25
15
19
29
15
15
15
17
10
11
19
23
16
16
19
18
33
36
12
12+


108726
r1b1a2
13
24
14
11
11
14
12
12
12
13
13
29
18
9
9
11
11
25
15
19
29
15
15
17
18
10
11
19
23
16
16
18
18
34
35
12
12+


122806
r1b1a2
13
24
14
11
11
14
12
12
12
13
13
29
18
9
9
11
11
25
15
19
28
15
15
17
19
10
11
19
23
16
16
18
18
33
36
12
12+


139494
r1b1a2
13
24
14
11
11
14
12
12
12
13
13
29
18
9
9
11
11
25
15
19
29
15
15
17
18
10
12
19
23
16
16
18
18
33
36
12
12+


143016
r1b1a2
13
24
14
11
11
14
12
12
12
13
13
29
18
9
9
11
11
25
15
19
29
14
15
17
18
10
11
19
23
16
16
18
18
33
37
12
12+


208272
r1b1a2
13
24
14
11
11
14
12
12
12
13
13
29
18
9
9
11
11
25
15
19
29
15
15
17
18
10
11
19
23
16
16
18
18
33
35
12
12+


414389
r1b1a2
13
24
14
11
11
15
12
12
12
13
13
29
18
9
9
11
11
25
15
19
29
15
15
16
17
10
11
19
23
16
16
18
18
33
36
11
12+


426109
r1b1a2
13
24
14
11
11
14
12
12
12
13
13
29
18
9
9
11
11
25
15
19
29
15
15
17
18
10
11
19
23
16
16
17
18
33
33
12
12


529604
r1b1a2
13
24
14
11
11
14
12
12
12
13
13
29
18
9
9
11
11
25
15
19
29
15
15
17
19
10
11
19
23
16
16
18
18
33
36
12
12


n3156
r1b1a2
13
24
14
11
11
14
12
12
12
13
13
29
18
9
9
11
11
25
15
19
29
15
15
17
18
10
11
19
23
16
16
18
17
33
36
12
12+





 k
i
t
#

h
a
p
l
o

3
9
3

3
9
0

1
9

 3
9
1

3 
8
5
a

3 
8
5
b

 4
2
6

 3
8
8

4 
3
9

 3
8
9
-
1

3
9
2

 3
8
9
-
2

4 
5
8

4 
5
9
a

4 
5
9
b

 4
5
5

 4
5
4

 4
4
7

 4
3
7

 4
4
8

4 
4
9

4 
6
4
a

4 
6
4
b

4 
6
4
c

4 
6
4
d

4
6
0

g
a
t
a
h
4 

 y
c
a
i
i 
a

 y
c
a
i
i
b

 4
5
6

 6
0
7

5 
7
6

5 
7
0

c 
d
y
a

c 
d
y
b

4
4
2


4
3
8







  6. edward baker, 1722 pa


4412
r1b1a2
13
24
15
11
12
14
12
12
12
12
13
28
18
9
10
11
11
24
15
19
28
15
15
16
17
10
11
19
23
15
16
16
18
36
38
12
12


4511
r1b1a2
13
24
16
11
12
14
12
12
12
12
13
28



























4873
r1b1a2
13
24
15
11
12
14
12
12
12
13
13
29



























37081
r1b1a2
13
24
16
11
12
14
12
12
12
12
13
28



























187211
r1b1a2
13
24
15
11
12
14
12
12
12
13
13
29
19
9
10
11
11
24
15
19
28
15
15
16
17
11
11
19
23
15
16
16
18
36
37
12
12


217113
r1b1a2
13
24
15
11
12
14
12
12
12
13
13
29
18
9
10
11
11
24
15
19
28
15
15
16
17
10
11
19
23
15
16
16
18
36
38
12
12

398498
r1b1a2
13
24
15
11
12
14
12
12
12
13
13
29
17
9
10
11
11
24
15
19
28
15
15
16
17
9
11
19
23
15
16
16
18
38
38
12
12


n20891
r1b1a2
13
24
15
11
12
14
12
12
11
13
13
29



























  7. possibly
james baker ca 1700-1742 orange
county va


18600
r1b1a2a1a1a 
14
25
14
10
11
11
12
12
12
13
13
29
17
9
10
11
11
24
15
19
29
15
29
17
17
11
11
19
21
16
15
17
17
37
39
12
12+


18766
r1b1a2a1a1 
14
25
14
10
11
11
12
12
12
13
13
29
17
9
10
11
11
24
15
19
29
15
29
17
17














382794
r1b1a2a1a1a
14
25
14
10
11
11
12
12
12
13
13
29
17
9
10
11
11
24
15
19
29
15
29
17
17
11
11
19
21
16
15
17
17
37
39
12
12


b76717
r1b1a2a1a1a 
14
25
14
10
11
11
12
12
12
13
13
29
17
9
10
11
11
24
15
19
29
15
29
17
17
11
11
19
21
16
15
17
17
37
39
12
12+


n111992
r1b1a2a1a1a 
14
25
14
10
11
11
12
12
12
13
13
29
17
9
10
11
11
24
15
19
29
15
29
17
17
11
11
19
21
16
15
17
17
37
39
12
12


  8.possibly
william baker, 1750 va


2175
i1
13
22
14
10
13
14
11
14
11
12
11
29
15
8
9
8
11
23
16
20
28
12
14
15
15
10
10
19
21
15
14
16
19
35
36
11
10


38043
i1
13
22
14
10
13
14
11
14
11
12
11
29
15
8
9
8
11
23
16
20
28
12
14
15
15














155136
i1
13
22
14
10
13
14
11
14
11
12
11
29
15
8
9
8
11
23
16
20
28
12
14
15
15
10
10
19
21
15
14
16
19
35
36
11
10


a0010
i1
13
22
14
10
13
14
11
14
11
12
11
29
15
8
9
8
11
23
16
20
28
12
14
15
15
10
10
19
21
15





11
10


  9. martin baker, 1791 va


2683
r1b1a2
13
24
14
10
11
15
12
12
12
13
13
29
17
9
10
11
11
25
15
19
33
15
15
17
17














19280
r1b1a2
13
24
14
10
11
15
12
12
12
13
13
29
17
9
10
11
11
26
15
19
32
15
15
17
17
11
11
19
23
15
15
19
16
35
37
12
12


  10. bakers of baltimore county,
maryland


2765
r1b1a2
13
24
14
11
11
14
12
12
13
13
12
29
18
9
10
11
11
24
15
19
30
15
15
15
17
11
10
19
22
16
15
19
17
36
40
12
12


2614
r1b1a2
13
24
14
11
11
14
12
12
13
13
12
29
18
9
10
11
11
24
15
19
30
15
15
15
17
11
10
19
22
16
15
19
17
36
39
12
12+


2872
r1b1a2
13
24
14
11
11
14
12
12
13
13
12
29
18
9
10
11
11
24
15
19
30
15
15
15
17
11
10
19
22
16
15
19
17
36
40
12
12


20751
r1b1a2
13
24
14
11
11
14
12
12
13
13
12
29
18
9
10
11
11
24
15
19
30
15
15
15
17
11
10
19
22
16
15
19
17
36
40
12
12


34042
r1b1
13
24
14
11
11
14
12
12
13
13
12
29
18
9
9
11
11
24
15
19
30
15
15
15
17
11
10
19
22
16
15
19
17
37
40
12
12


66612
r1b1a2
13
24
14
11
11
14
12
12
13
13
12
29
18
9
10
11
11
24
15
19
30
15
15
15
17
11
10
19
22
16
15
20
17
36
40
12
12+


67615
r1b1a2
13
24
14
11
11
14
12
12
13
13
12
29
18
9
10
11
11
24
15
19
30
15
15
15
17
11
10
19
22
16
15
19
17
36
40
12
12


75285
r1b1a2
13
24
14
11
11
14
12
12
13
13
12
29
18
9
10
11
11
24
15
19
30
15
15
15
17














78284
r1b1a2
13
24
14
11
11
14
12
12
13
13
12
29
18
9
10
11
11
25
15
19
30
15
15
17
17
11
10
19
22
16
15
19
17
36
42
12
12+


86269
r1b1a2
13
24
14
11
11
14
12
12
13
13
12
29
18
9
10
11
11
24
15
19
30
15
15
15
17
11
10
19
22
16
15
19
17
36
40
12
12+


102570
r1b1a2
13
24
14
11
11
14
12
12
13
13
12
29
18
9
10
11
11
24
15
19
30
15
15
15
17
10
10
19
22
16
15
19
17
36
40
12
12+

125463
r1b1a2
13
24
14
11
11
14
12
12
13
13
12
29



























158437
r1b1a2
13
24
14
11
11
14
12
12
13
13
12
29
18
9
10
11
11
24
15
19
30
15
15
15
17
11
10
19
22
16
15
19
17
36
40
12
12+


207474
r1b1a2
13
24
14
11
11
14
12
12
14
13
12
29
18
9
10
11
11
24
15
19
31
15
15
15
17
11
10
19
22
16
15
19
17
36
41
12
12+


239702
r1b1a2
13
24
14
11
11
14
12
12
13
13
12
29
18
9
10
11
11
24
15
19
30
15
15
15
17
11
10
19
22
16
15
19
17
36
40
12
12+


253994
r1b1a2
13
24
14
11
11
14
12
12
13
13
12
29
18
9
10
11
11
24
15
19
30
15
15
15
17
11
10
19
22
16
15
19
17
36
40
12
12+


313736
r1b1a2
13
24
14
11
11
14
12
12
13
13
12
29
18
9
10
11
11
24
15
19
30
15
15
15
17
11
10
19
22
16
16
19
17
37
40
12
12


319589
r1b1a2
13
24
14
11
11
14
12
12
13
13
12
29
18
9
10
11
11
24
15
19
31
15
15
15
17
11
10
19
22
16
16
19
17
36
40
12
12


327832
r1b1a2
13
24
14
11
11
14
12
12
13
13
12
29
1891011112415193015151517111019221615191737401212+


371980
r1b1a2
13
24
14
11
11
14
12
12
13
13
12
29
18
9
10
11
11
24
15
19
30
15
15
15
17
11
10
19
22
16
15
19
17
36
40
12
12


487101
r1b1a2
13
24
14
11
11
14
12
12
12
13
12
29
18
9
10
11
11
24
15
19
30
15
15
15
17
11
10
19
22
16
15
19
17
36
39
12
12+


643756
r1b1a2
13
24
14
11
11
14
12
12
13
13
12
29
18
9
10
11
11
24
15
19
30
15
15
15
17
11
10
19
22
16
15
19
17
36
40
12
12+


637882
r1b1a2
13
24
14
11
11
15
12
12
13
13
12
29
18
9
10
11
11
24
15
19
30
15
15
15
17
11
10
19
22
16
15
19
17
36
40
12
12


671735
r1b1a2
13
24
14
11
11
14
12
12
13
13
12
29
18
9
10
11
11
24
15
19
30
15
15
15
17
11
10
19
22
16
15
19
17
36
40
12
12+


811776
r1b1a2
13
24
14
11
11
14
12
12
13
13
12
29
18
9
10
11
11
24
15
19
30
15
15
15
17
11
10
19
22
16
16
19
17
36
40
12
12


896859
r1b1a2
13
24
14
11
11
14
12
12
13
13
12
29
1891011112415193015151517111019221615191737401212


965607

1324141111141212131312291791011112415193015151517111019221616191737401212


b2345
r1b1a2
13
24
14
11
11
14
12
12
13
13
12
29
18
9
10
11
11
24
15
19
30
15
15
15
17
11
10
19
22
16





12
12


b136892
r1b1a2
13241411111412121313122917
9101111241519301515151711101922161520
1736401212+


b255610

13
24
14
11
11
14
12
12
13
13
12
29
18
9
10
11
11
24
15
19
30
15
15
15
17
11
10
19
22
16
15
19
17
36
40
12
12+


n236328
r1b1a2
13
24
14
11
11
14
12
12
13
13
12
29
18
9
10
11
11
24
15
19
30
15
15
15
17
11
10
19
22
16
15
19
17
36
40
12
12


  11. rev. thomas baker (1656),
kingstown, rhode island, rev. abraham baker (1668) cambridge, england


12485
r1b1a2
13
23
15
11
11
14
12
12
11
13
13
29



























12620
r1b1a2
13
23
15
11
11
14
12
12
11
13
13
29
17
9
10
11
11
25
15
19
29
15
15
16
17
11
11
23
23
16
15
18
17
37
38
13
12


23746
r1b1a2
13
23
15
11
11
14
12
12
11
13
13
29
17
9
10
11
11
25
15
19
29
15
15
16
17














64594
r1b1a2
13
23
15
11
11
14
12
12
11
13
13
29
17
9
10
11
11
25
15
19
29
15
15
16
17
11
11
23
23
16
15
17
17
37
38
13
12


71556
r1b1a2
13
23
15
11
11
14
12
12
11
13
13
29
17
9
10
11
11
25
15
19
29
15
15
16
17
11
11
23
23
17
15
18
17
37
38
13
12+


76950
r1b1a2
13
23
15
11
11
14
12
12
11
13
13
29
17
9
10
11
11
25
15
19
29
15
15
16
17
11
11
23
23
16
15
19
17
37
38
13
12


88429
r1b1a2
13
23
15
10
11
14
12
12
11
13
13
29
17
9
10
11
11
25
15
19
29
15
15
16
17
11
11
23
23
16
15
18
17
37
38
13
12


111616
r1b1a2
13
23
15
11
11
14
12
12
11
13
13
29
17
9
10
11
11
25
15
19
29
15
15
16
17
11
11
23
23
16
15
18
17
37
38
13
12


130995
r1b1a2a1a1b4
13
23
15
11
11
14
12
12
11
13
13
29
17
9
10
11
11
25
15
19
29
15
15
16
17
11
11
23
23
16
15
17
17
37
38
13
12


149183
r1b1a2
13
23
15
11
11
14
12
12
11
13
13
29
17
9
10
11
11
25
15
19
29
15
15
16
17
11
11
23
23
16
15
18
17
37
38
13
12


207920
r1b1a2
13
23
15
11
11
14
12
12
11
13
13
29
17
9
10
11
11
25
15
19
29
15
15
16
17














211607
r1b1a2
13
23
15
11
11
13
12
12
11
13
13
29
17
9
10
11
11
25
15
19
29
15
15
16
17
11
11
23
23
16
15
18
17
37
38
13
12


780856
r1b1a2
13
23
15
11
11
14
12
12
11
13
13
29
17
9
10
11
11
25
15
19
29
15
15
16
17
11
11
23
23
16
15
18
17
37
38
14
12+


n105023
r1b1a2
13
23
15
11
11
14
12
12
11
13
13
29
17
9
10
11
11
25
15
19
29
15
15
16
17
11
11
23
23
16
16
18
17
38
38
13
12+


  12. george perilous baker,
1715


25756
r1b1a2
13
25
14
11
11
12
12
12
12
13
14
29
17
9
10
11
11
25
14
18
30
15
16
16
18
12
11
19
23
17
16
19
17
38
40
12
12+


27087
r1b1a2
13
25
14
11
11
12
12
12
12
13
14
29
17
9
10
11
11
25
14
18
30
15
16
16
17
12
11
19
23
16
16
19
17
38
40
12
12+


205036
r1b1a2
13
25
14
11
11
12
12
12
12
13
14
29
17
9
10
11
11
25
14
18
30
15
16
16
17
12
11
19
23
17
16
19
17
38
41
12
12


  13. unknown


2344
j2
13
23
14
10
13
15
11
13
13
14
11
30
15
9
9
11
11
25
14
20
34
13
13
16
17
10
10
19
22
18
14
16
19
35
38
12
9


29556
j2
13
23
14
10
13
15
11
13
13
14
11
30



























37925
j2
13
23
14
10
13
15
11
13
13
14
11
30
17
9
9
11
11
25
14
20
34
13
13
16
17
10
10
19
22
17
14
16
19
35
38
12
9


39986
j2
13
23
14
10
13
15
11
13
13
14
11
30
17
9
9
11
11
25
14
20
33
13
13
16
17
10
10
19
22
17
14
16
19
35
38
12
9


48574
j2
13
23
14
10
14
15
11
13
13
14
11
30
17
9
9
11
11
25
14
20
34
13
13
16
17
10
10
19
22
17
14
16
19
35
38
12
9+


48774
j2
13
23
14
10
13
15
11
13
13
14
11
30
17
9
9
12
11
25
14
20
34
13
13
16
17
10
10
19
22
17
14
16
19
35
38
12
9+


53406
j2a2 
13
23
14
10
13
15
11
13
13
14
11
30
17
9
9
11
11
25
14
20
34
13
13
16
17
10
10
19
22
17
14
16
19
35
38
12
9


66536
j2
13
23
14
10
13
15
11
13
13
14
11
30



























120343
j2
13
23
14
10
13
15
11
13
13
14
11
30
17
9
9
11
11
25
14
20
34
13
13
16
17
10
10
19
22
17
14
16
19
35
38
12
9+


228950
j2
13
23
14
10
13
15
11
13
13
14
11
30
17
9
9
11
11
25
14
20
33
13
13
16
17
10
10
19
22
17
14
17
19
35
38
12
9


  14. samuel baker, 1740


13016
r1b1a2
13
23
14
11
11
14
12
12
11
13
13
30
17
9
10
11
11
22
15
19
28
15
16
17
18
11
10
19
23
17
15
18
17
36
37
13
12+


25635
r1b1a2
13
23
14
11
11
14
12
12
12
13
13
30
17
9
10
11
11
22
15
19
28
15
16
17
18














34131
r1b1a2
13
23
14
11
11
14
12
12
12
13
13
30
17
9
10
11
11
22
15
19
28
15
16
17
18














36049
r1b1
13
23
14
11
11
14
12
12
12
13
13
30
17
9
10
11
11
22
15
19
28
15
16
17
18














51751
r1b1a2
13
23
14
11
11
14
12
12
12
13
13
30



























91958
r1b1a2
13
23
14
11
11
14
12
12
12
13
13
30
17
9
10
11
11
23
15
19
28
15
16
17
18
11
10
19
23
17
15
18
17
36
37
14
12+


218457
r1b1a2
13
23
14
11
11
14
12
12
12
13
13
30
17
9
10
11
11
23
15
19
28
12
16
17
18
11
10
19
23
17
15
18
17
37
37
14
12


294119
r1b1a2
13
23
14
11
11
14
12
12
12
13
13
30
17
9
10
11
11
22
15
19
28
15
16
17
18
11
10
19
23
17
15
18
17
37
37
14
12


364149
r1b1a2
13
23
14
10
11
14
12
12
12
13
13
30
17
9
10
11
11
23
15
19
28
15
16
17
18
11
10
19
23
17
15
18
16
37
37
14
12+


677128
r1b1a2
13
23
14
11
11
14
12
12
12
13
13
30
17
9
10
11
11
23
15
19
28
12
16
17
18
11
10
19
23
17
15
18
17
36
37
14
12+


  15. john baker, 1742 ireland --web site


14572
r1b1a2
13
25
14
11
11
13
12
12
12
13
14
29
17
9
10
11
11
25
15
18
30
14
16
16
17
12
11
19
23
17
16
18
17
37
38
12
12


32633
r1b1a2
13
25
14
11
11
13
12
12
12
13
14
29
17
9
10
11
11
25
15
18
30
14
16
16
17
12
11
19
23
17
16
18
17
37
38
12
12





k
i
t
#

h
a
p
l
o

3
9
3

3
9
0

1
9

3
9
1

3 
8
5
a

3 
8
5
b

4
2
6

3
8
8

4 
3
9

3
8
9
-
1

3
9
2

3
8
9
-
2

4 
5
8

4 
5
9
a

4 
5
9
b

4
5
5

4
5
4

4
4
7

4
3
7

4
4
8

4 
4
9

4 
6
4
a

4 
6
4
b

4 
6
4
c

4 
6
4
d

4
6
0

g
a
t
a
h
4 

y
c
a
i
i 
a

y
c
a
i
i
b

4
5
6

6
0
7

5 
7
6

5 
7
0

c 
d
y
a

c 
d
y
b

4
4
2


4
3
8







  16. nicholas baker, 1712
england


14574
i
13
22
14
11
13
13
11
14
11
12
11
28
15
8
9
8
11
21
16
20
27
12
14
15
15














34026
i
13
22
14
11
14
13
11
14
11
12
11
28
15
8
9
8
11
21
16
20
27
12
14
15
15














  17. thomas baker, 1711-1777 (?-va)
--web site


33874
r1b1
13
23
14
10
11
15
12
12
11
13
13
29
18
9
9
11
11
25
15
19
30
15
15
15
17
11
10
19
23
17
15
18
18
37
39
13
12


42094
r1b1a2
13
23
14
10
11
15
12
12
11
13
13
29
18
9
9
11
11
25
15
19
31
15
15
15
17
11
10
19
23
17
15
18
18
37
40
13
12


45334
r1b1a2
13
23
14
10
11
15
12
12
11
13
13
29
18
9
9
11
11
25
15
19
30
15
15
15
17
11
10
19
23
17
15
18
18
37
40
13
12


45934
r1b1a2
13
23
14
10
11
15
12
12
11
13
13
29
18
9
9
11
11
25
15
19
30
15
15
15
17
11
10
19
23
17
15
18
18
37
40
13
12+


73464
r1b1a2
13
23
14
10
11
15
12
12
11
13
13
29
18
9
9
11
11
25
15
19
30
15
15
15
17
11
10
19
23
17
15
18
18
37
40
13
12+


83951
r1b1a2
13
23
14
10
11
15
12
12
11
13
13
29
18
9
9
11
11
25
15
19
31
15
15
15
17
11
10
19
23
17
15
18
18
37
40
13
12


84499
r1b1a2
13
23
14
10
11
15
12
12
11
13
13
29
18
9
9
11
11
25
15
19
30
15
15
15
17
11
10
19
23
17
15
18
18
37
39
13
12


84500
r1b1a2
13
23
14
10
11
13
12
12
11
13
13
29
18
9
9
11
11
25
15
19
30
15
15
15
17
11
10
19
23
17
15
18
18
37
39
13
12


85694
r1b1a2
13
23
14
10
11
15
12
12
11
13
13
29
18
9
9
11
11
25
15
19
30
15
15
15
17
11
10
19
23
17
15
17
18
37
40
13
12


88745
r1b1a2
13
23
14
10
11
15
12
12
11
13
13
29
18
9
9
11
11
25
15
19
30
15
15
15
17
11
10
19
23
17
15
19
18
37
40
13
12


202402
r1b1a2
13
23
14
10
11
15
12
12
11
13
13
29
18
9
9
11
11
25
15
19
30
15
15
15
17
11
10
19
23
17
15
18
18
37
39
13
12


203978
r1b1a2
13
23
14
10
11
15
12
12
11
13
13
29
18
9
9
11
11
25
15
19
30
15
15
15
17
11
10
19
23
17
15
18
18
37
41
13
12


207929
r1b1a2
13
23
14
10
11
15
12
12
11
13
13
29
18
9
9
11
11
25
15
19
30
15
15
15
17
11
10
19
23
17
15
18
18
37
39
13
12


272892
r1b1a2
13
23
14
10
11
15
12
12
11
13
13
29
18
9
9
11
11
25
15
19
30
15
15
15
17














497100
r1b1a2
13
23
14
10
11
15
12
12
11
13
13
28
18
9
9
11
11
25
15
19
30
15
15
15
17














n64854
r1b1a2
13
23
14
10
11
15
12
12
11
13
13
29
19
9
9
11
11
25
15
19
30
15
15
15
17
11
10
19
23
17
15
19
18
37
40
13
12


  18. francis baker, 1611-1696,
yarmouth, massachusetts


26358
r1b1a2
13
25
14
11
11
15
12
12
12
13
13
29
18
9
10
11
11
25
15
19
30
15
16
17
17
11
11
19
24
17
15
17
18
36
39
11
12+


41443
r1b1a2
13
25
14
11
11
15
12
12
12
13
13
29
18
9
10
11
11
25
15
19
30
15
16
17
17
11
11
19
24
17
15
17
18
36
39
11
12


87639
r1b1a2
13
24
14
11
11
15
12
12
12
13
13
29
18
9
10
11
11
25
15
19
30
15
16
17
17
11
11
19
24
17
15
17
18
36
39
11
12


57425
r1b1a2
13
24
14
11
11
15
12
12
12
13
13
29
19
9
10
11
11
24
15
19
30
15
16
17
17
11
11
19
24
18
15
17
18
36
37
11
12


64614
r1b1a2
13
24
14
11
11
15
12
12
12
13
13
29
18
9
10
11
11
25
15
19
30
15
16
17
17
12
11
19
24
17
15
17
18
36
39
11
12+


112019
r1b1a2
13
24
14
11
11
15
12
12
12
13
13
29
18
9
10
11
11
25
15
19
30
15
16
17
17
11
11
19
24
17
15
17
18
36
39
11
12


263107
r1b1a2
13
24
14
11
11
15
12
12
12
13
13
29
18
9
10
11
11
25
15
19
30
15
16
17
17
11
11
19
24
16
14
17
18
36
39
11
12+


284654
r1b1a2
13
24
14
11
11
15
12
12
12
13
13
29
18
9
10
11
11
26
15
19
30
15
16
17
17
11
11
19
24
17
15
17
18
36
39
11
12+


417621
r1b1a2
13
24
14
11
11
15
12
12
12
13
13
29
18
9
9
11
11
25
15
19
30
15
16
17
17
12
11
19
24
17
15
17
18
36
36
11
12+


526575
r1b1a2
13
24
14
11
11
15
12
12
12
13
13
29
18
9
10
11
11
25
15
19
30
15
16
17
17
12
11
19
24
17
15
17
18
36
39
11
12+


a0001
r1b1a2
13
24
14
11
11
15
12
12
12
13
13
29
17
9
10
11
11
25
15
19
30
15
16
17
17
12
11
19
24
17





11
12


b7416
r1b1a2
13
24
14
11
11
15
12
12
12
13
13
29
18
9
10
11
11
25
15
19
30
15
16
17
17
12
11
19
24
17
15
17
18
36
39
11
12+


b147375
r1b1a2
13
24
14
11
11
15
12
12
12
13
13
29
18
9
10
11
11
25
15
19
30
15
16
17
17
12
11
19
24
17
15
17
18
36
39
11
12


  19. joseph baker, 1742 nc


1589
r1b1a2
13
22
15
11
11
14
12
12
11
14
13
30



























44367
r1b1a2
13
22
15
11
11
14
12
12
11
14
13
30



























178840
r1b1a2
13
22
15
11
11
14
12
12
11
14
13
30
18
9
9
11
11
25
14
18
29
15
15
16
17
11
11
19
24
16
15
18
17
37
40
11
12+


185395
r1b1a2
13
22
15
11
11
14
12
12
11
14
13
30
19
9
9
11
11
25
14
18
29
15
15
15
17
11
10
19
24
16
15
18
17
37
40
11
12+


250369
r1b1a2
13
22
15
11
11
14
12
12
11
14
13
30
18
9
9
11
11
25
14
18
29
15
15
16
17
11
11
19
24
16
15
18
17
37
40
11
12+


667175
r1b1a2
132215111113121211141330189911112514182915151617111119231616181737401012


  20. sylvester baker - 1638 virginia


47326
r1b1a2
13
24
14
11
11
14
12
12
12
13
13
29
17
9
10
11
11
26
15
19
30
15
15
17
17
10
11
19
23
15
15
20
17
37
40
13
12+


73451
r1b1a2
13
24
14
11
11
14
12
12
12
13
13
29
17
9
10
11
11
26
15
19
30
15
15
17
17
11
11
19
23
15
15
19
17
37
39
13
12


84347
r1b1a2
13
24
14
10
11
14
12
12
12
13
13
29
17
9
10
11
11
26
15
19
30
15
15
17
17
11
11
19
23
15
15
20
17
37
39
13
12+


123281
r1b1a2
13
24
14
10
11
14
12
12
12
13
13
29
17
9
10
11
11
26
15
19
30
15
15
17
17
11
11
19
23
15
15
20
17
37
39
13
12


140295
r1b1a2
13
24
14
11
11
14
12
12
12
13
13
29
17
9
10
11
11
26
15
19
30
15
15
17
17
11
11
19
23
15
15
20
17
37
39
13
12+


162469
r1b1a2
13
24
14
11
11
14
12
12
12
13
13
29
17
9
10
11
11
26
15
19
30
15
15
17
17
11
11
19
23
15
15
20
17
37
39
12
12


302925
r1b1a2
13
24
14
11
11
14
12
12
12
13
13
29
17
9
10
11
11
26
15
19
30
15
16
17
17
11
11
19
23
15
15
20
16
37
39
13
12+


353214
r1b1a2
13
24
14
11
11
14
12
12
12
13
13
29
17
9
10
11
11
26
15
19
31
15
15
17
17
11
11
19
23
15
15
20
17
37
39
13
12+


498335

13
24
14
11
11
14
12
12
12
13
13
29
17
9
10
11
11
26
15
19
30
15
15
17
17
11
11
19
23
15
15
20
17
37
39
12
12+


n8900
r1b1a2a1b4c
13
23
14
11
11
14
12
12
12
13
13
29
17
9
10
11
11
26
15
19
30
15
15
17
17
10
11
19
23
15
15
20
17
37
39
13
12+


a0005
r1b
13
24
14
11
11
14
12
12
12
13
13
29
17
9
10
11
11
26
15
19
31
15
15
17
17
11
11
19
23
15





13
12


mk60454

13
24
14
10
11
14
12
12
12
13
13
29
17
9
10
11
11
26
15
19
30
15
15
17
17
12
11
19
23
15
15
20
17
37
38
13
12+


  20a. henry tn and william sc


2508
r1b1a2
13
24
14
10
11
14
12
12
12
13
13
29
16
9
10
11
11
26
15
19
29
15
15
17
17














193760
r1b1a2
13
24
14
10
11
14
12
12
12
13
13
29
16
9
10
11
11
26
15
19
29
15
15
17
17
11
11
19
23
15
15
17
17
37
37
13
12


235042
r1b1a2
13
24
14
10
11
14
12
12
12
13
13
28
16
9
10
11
11
26
15
19
29
15
15
17
17
11
11
19
23
15
15
17
17
37
37
13
12


  21. moses baker, 1708 nc


23850
j1
12
23
14
10
13
17
11
15
14
13
11
30
22
8
9
11
11
26
14
20
26
13
13
16
17














45638
j1
12
23
14
10
13
17
11
15
13
13
11
30
22
8
9
11
11
26
14
20
26
13
13
13
16














52377
j1c3d
12
23
14
10
13
17
11
15
13
13
11
30
22
8
9
11
11
26
14
20
26
13
13
16
17
10
10
21
22
15
14
16
19
33
35
12
10+


64627
j1
12
23
14
10
13
17
11
15
14
13
11
29



























73684
j1
12
23
14
10
13
18
11
15
14
13
11
30
21
8
9
11
11
26
14
20
26
13
13
16
17
10
10
21
22
15
14
16
19
33
35
12
10


127811
j1
12
23
14
10
13
18
11
15
14
13
11
30
21
8
9
11
11
26
14
20
26
13
13
16
17
10
10
21
22
15
14
16
19
33
35
12
10


171010
j1c3d
12
23
14
10
13
17
11
15
14
13
11
30
22
8
9
11
11
26
14
20
26
13
13
16
17
10
10
21
22
15
14
16
19
33
35
12
10


172237
j1
12
23
14
10
13
17
11
15
14
13
11
30
21
8
9
11
11
26
14
20
26
13
13
16
17
10
11
21
22
15
14
16
19
33
35
12
10+


178789
j1
12
23
14
10
13
17
11
15
13
13
11
30
21
8
9
11
11
26
14
20
26
13
13
16
17
10
10
21
22
15
14
16
19
33
35
12
10


783605

12
23
14
10
13
17
11
15
14
13
11
30
21
8
9
11
11
26
14
20
26
13
13
16
17
10
10
21
22
15
14
16
19
33
35
12
10+


n65900
j1
12
23
14
10
13
17
11
15
13
13
11
30
21
8
9
11
11
26
14
20
26
13
13
16
17
10
10
21
22
15
14
16
19
35
35
12
10+


  22. baker in pennsylvania 


28051
j2
13
22
15
10
13
14
11
14
12
13
11
30
16
8
9
11
11
25
14
19
28
12
14
16
16
11
10
19
22
16
14
19
16
35
36
12
9


51085
j2
13
22
15
10
13
14
11
14
12
13
11
30
16
8
9
11
11
25
14
19
28
12
14
16
16
11
10
19
22
16
14
19
16
35
36
12
9


  23. john baker, 1790
bahamas


42705
r1b1a2 
13
25
14
11
11
16
12
12
12
13
13
29
17
9
9
11
11
25
15
19
27
17
17
17
17
11
11
19
23
16
14
18
17
36
37
12
12


50529
r1b1a2 
13
25
14
11
11
16
12
12
12
13
13
29
17
9
9
11
11
25
15
19
27
17
17
17
17
11
11
19
23
16
14
17
17
37
37
12
12


86945
r1b1a2 
13
25
14
11
11
16
12
12
12
13
13
29
17
9
9
11
11
25
15
19
27
17
17
17
17
11
11
19
23
16
14
17
17
37
37
12
12


100860
r1b1a2 
13
25
14
11
11
16
12
12
12
13
13
29
17
9
9
11
11
25
15
19
27
17
17
17
17
11
11
19
23
16
14
17
17
36
36
12
12


117279
r1b1a2 
13
25
14
11
11
16
12
12
12
13
13
29



























118887
r1b1a2 
13
25
14
11
11
16
12
12
11
13
13
29
17
9
9
11
11
25
15
19
27
17
17
17
17
11
11
19
23
16
14
17
17
37
37
12
12


  24. peter baker of white lily,
pulaski county, ky


49395
r1b1a2
13
25
14
11
11
13
12
12
13
13
14
29
18
9
10
11
11
25
15
18
29
15
16
17
17
11
11
19
23
16
16
18
19
37
39
12
12+


63309
r1b1a2
13
25
14
11
11
13
12
12
12
13
14
29
19
9
10
11
11
25
15
18
29
14
16
17
17
11
11
19
23
16
16
18
18
38
39
12
12+


68444
r1b1a2
13
25
14
11
11
13
12
12
13
13
14
29
18
9
10
11
11
25
15
18
29
15
16
17
17
11
11
19
23
16
16
18
19
37
39
12
12+


71391
r1b1a2
13
25
14
11
11
13
12
12
12
13
14
29
18
9
10
11
11
25
15
18
29
15
16
17
17
11
11
19
23
16
16
19
19
38
40
12
12+


  25. alexander baker, ca1607 - ca1685
(england-ma)


80459
r1b1a2
13
24
14
10
11
14
12
12
12
13
13
29
16
9
10
11
11
25
15
19
30
15
15
16
17
11
11
19
22
16
14
16
17
37
38
11
12+


81655
r1b1a2
13
24
14
10
11
13
12
12
12
13
13
30
16
9
10
11
11
25
15
19
30
15
15
16
17
11
11
19
22
16
15
16
17
37
38
11
12+


82549
r1b1a2
13
24
14
10
11
14
12
12
12
13
13
29
16
9
10
11
11
25
15
19
30
15
15
16
17
11
11
19
22
16
15
16
17
37
38
11
12


251317
r1b1a2
13
24
14
10
12
14
12
12
12
13
14
29
16
9
10
11
11
25
15
19
30
15
15
16
17
11
11
19
22
16
15
16
17
37
38
11
12+


281561
r1b1a2
13
24
14
10
11
14
12
12
12
13
13
29
15
9
10
11
11
25
15
19
30
15
15
16
17
11
11
19
22
16
15
16
17
37
38
11
12


476223
r1b1a2
13
24
14
10
11
14
12
12
12
13
13
29
16
9
10
11
11
25
15
19
30
15
15
16
17
11
11
19
22
16
15
16
17
37
38
11
12


  26. matthew baker, 1768 ny


54831
i1
13
22
15
10
13
16
11
14
11
12
11
29
15
8
9
8
11
23
16
20
28
12
14
15
17
10
10
19
22
14
15
16
20
32
37
12
10


94853
i1
13
22
15
10
13
16
11
14
12
12
11
29
15
8
9
8
11
23
16
20
28
12
14
15
16














  27. jesse baker of south
carolina


3136
r1b1a2
13
24
14
10
11
14
12
12
12
13
13
29
17
9
10
10
12
25
15
19
29
15
15
16
17
11
11
19
23
16
15
17
19
36
37
12
12


121935
r1b1a2
13
24
14
10
11
14
12
12
12
13
13
29
16
9
10
10
12
25
15
19
29
15
15
16
17
11
11
19
23
16
15
17
19
37
37
12
12


232262
r1b1a2
13
24
14
10
11
15
12
12
12
13
13
29
17
9
10
10
12
25
15
19
29
15
15
16
17
11
11
19
23
16
15
17
19
37
37
12
12


398911
r1b1a2
13
24
14
10
11
14
12
12
12
13
13
29
17
9
10
10
12
25
15
19
29
15
15
16
17
11
11
19
23
16
15
17
19
36
37
12
12+


a0009
r1b1a2
13
24
14
10
11
14
12
12
12
13
13
29
17
9
10
10
12
25
15
19
29
15
15
16
17
11
11
19
23
15





12
12


  28. johann heinrich becker, 1691
rheinland pfalz


17603
i1
13
22
14
11
14
14
11
14
11
12
11
29
16
8
9
8
11
23
16
20
30
12
14
14
15
10
10
19
21
14
14
17
19
35
37
12
10


77722
i1
13
22
14
11
13
14
11
14
11
12
11
29
16
8
9
8
11
23
16
20
29
12
14
14
15
10
10
19
21
14
14
17
19
35
37
12
10+


127135
i1
13
22
14
11
13
14
11
14
11
12
11
29
16
8
9
8
11
23
16
20
29
12
14
14
15
10
10
19
21
14
14
17
19
35
37
12
10+


144524

i1
13
22
14
10
13
14
11
14
11
12
11
29
16
8
9
8
11
23
16
20
29
12
14
14
15
10
10
19
21
14
14
17
19
35
37
12
10+


164518
i1
13
22
14
11
13
14
11
14
11
12
11
29
16
8
9
8
11
23
16
20
29
12
14
14
15
10
10
19
21
14
14
17
19
35
36
12
10+


167621
i1
13
22
14
11
13
14
11
14
11
12
11
29
16
8
9
8
11
23
16
20
29
12
14
14
15
10
10
19
21
14
14
17
19
35
36
12
10


225815
i1
13
22
14
11
13
14
11
14
11
12
11
29
16
8
9
8
11
23
16
20
29
12
14
14
15
10
10
19
21
14
14
17
19
35
37
12
10+


238247
i1
13
22
14
11
13
14
11
14
11
12
11
29
16
8
9
8
11
23
16
20
29
12
14
14
15
10
10
19
21
14
14
17
19
36
36
12
10+


336650
i1
13
22
14
11
13
14
11
14
11
13
11
30
16
8
9
8
11
23
16
20
29
12
14
14
15
10
10
19
21
14
14
17
19
36
37
12
10+


354419
i1
13
22
14
11
13
14
11
14
11
12
11
29
16
8
9
8
11
23
16
20
29
12
14
14
15
10
10
19
21
14
14
17
19
35
37
12
10+


548414
i1
13
22
14
11
13
14
11
14
11
12
11
29
16
8
9
8
11
23
16
20
29
12
14
14
15
10
10
19
21
14
14
17
19
35
37
12
10+


578509
i1
13
22
14
11
13
14
11
14
11
12
11
29
16
8
9
8
11
23
16
20
29
12
14
14
15
10
10
19
21
14
14
17
19
35
37
12
10+


934995

13
22
14
11
13
14
11
14
11
12
11
29
16
8
9
8
11
23
16
21
29
12
14
14
15
10
10
19
21
14
14
18
19
35
36
12
10+


n80618
i1
13
22
14
11
13
14
11
14
11
12
11
29
16
8
9
8
11
23
16
20
29
12
14
14
15
10
10
19
21
14
14
17
19
36
36
12
10+


  29. ironworks bakers of tn


6836
i1
13
22
15
10
13
15
11
14
11
12
11
29



























145990
i1
13
22
15
10
13
15
11
14
11
12
11
29
15
8
9
8
11
23
16
20
29
12
14
15
17
10
10
19
22
15
15
16
21
32
38
12
10


155486
i1
13
22
15
10
13
15
11
14
11
12
11
29
15
8
9
8
11
23
16
20
28
12
14
15
17
10
10
19
22
15
15
16
21
32
38
12
10


214106
i1
13
22
15
10
13
15
11
14
11
12
11
29
15
8
9
8
11
23
16
20
28
12
14
15
17
10
10
19
22
15
15
13
21
32
38
12
10


347601
i1
13
22
15
10
13
15
11
14
11
12
11
29
15
8
9
8
11
23
16
20
28
12
14
15
17
10
10
19
22
15
15
13
22
32
38
12
10


793094
i1
13
22
15
10
13
15
11
14
11
12
11
29
15
8
9
8
11
23
16
20
28
12
14
15
17
10
10
19
22
15
15
16
21
32
38
12
10


793286
i1
13
22
15
10
13
15
11
14
11
12
11
29
15
8
9
8
11
23
16
20
28
12
14
15
17
10
10
19
22
15
15
16
20
32
38
12
10


  30. edward baker of lynn, ma
(c.1630)


12539
r1b1a2a1b5
13
25
14
10
11
15
12
12
12
13
13
29
17
9
10
11
11
26
15
19
30
15
15
15
17
11
12
19
21
15
15
19
17
38
40
12
12+


65710
r1b1a2
13
25
14
10
11
15
12
12
12
14
13
30
17
9
10
11
11
25
15
19
30
15
15
15
17
11
12
19
21
15
15
19
18
38
40
12
12


164828
r1b1a2
13
25
14
10
11
15
12
12
12
13
13
29
17
9
10
11
11
26
15
19
30
15
15
15
17
11
12
19
21
15
15
19
18
38
41
12
12


168980
r1b1a2
13
25
14
10
11
15
12
12
12
13
13
29
17
9
10
11
11
25
15
19
30
15
15
15
17
12
12
19
21
15
15
19
17
38
39
12
12+


173497
r1b1a2
13
25
14
10
11
15
12
12
12
13
13
29
17
9
10
11
11
26
15
19
30
15
15
15
17
11
12
19
21
15
15
19
17
38
39
12
12


174591
r1b1a2
13
25
14
10
11
15
12
12
12
13
13
30
17
9
10
11
11
26
15
19
30
15
15
15
17
11
12
19
21
15
15
19
17
38
40
12
12


174685
r1b1a2
13
25
14
10
11
15
12
12
12
13
13
29
17
9
10
11
11
26
15
19
30
14
15
15
17
11
12
19
21
15
15
19
17
38
40
12
12


182870
r1b1a2
13
25
14
10
11
15
12
12
12
13
13
29
17
9
10
11
11
26
15
19
30
15
15
15
17
11
12
19
21
15
15
19
18
39
40
12
12


200206
r1b1a2
13
25
14
10
11
15
12
12
12
13
13
29
17
9
9
11
11
26
15
19
30
15
15
15
17
10
12
19
21
15
15
19
17
38
40
12
12


210027
r1b1a2
13
25
14
10
11
15
12
12
12
13
13
29
16
9
10
11
11
26
15
19
30
14
15
15
17
11
13
19
21
15
15
19
17
37
40
12
12


211227
r1b1a2
13
25
14
10
11
15
12
12
12
13
13
29
17
9
10
11
11
26
15
19
30
15
15
15
17
11
12
19
21
15
15
19
17
38
40
12
12


217416
r1b1a2
13
25
14
10
11
14
12
12
12
13
13
29
17
9
10
11
11
26
15
19
30
15
15
15
17
11
12
19
21
15
15
19
17
38
39
12
12


218325
r1b1a2
13
25
14
10
11
15
12
12
12
13
13
29
17
9
10
11
11
26
15
19
30
15
15
15
17
11
12
19
21
15
15
19
17
38
40
12
12


218327
r1b1a2
13
25
14
10
11
15
12
12
12
13
13
29
17
9
10
11
11
26
15
19
30
15
15
15
17
11
12
19
21
15
15
19
17
38
40
12
12


820248
r1b1a2
13251410111512121213132916910111126151930151515171112192115151917383912
12+


  31. bartholomew baker, 1621,
england


26368
t
14
23
13
10
16
16
11
12
12
13
14
29



























57147
t
14
23
13
10
16
16
11
12
12
13
14
29
16
9
9
11
12
25
15
20
31
11
14
15
16














143944
t
14
23
13
10
16
16
11
12
12
13
14
29
16
9
9
11
12
25
15
20
31
11
14
15
16
11
10
23
23
16
14
19
16
35
35
15
9


157663
t
14
23
13
10
16
16
11
12
13
13
14
29
16
9
9
11
12
25
15
20
31
11
14
15
16
11
10
23
23
16
14
18
16
35
35
15
9


188608
t
14
23
13
10
16
16
11
12
12
13
14
29
16
9
9
11
12
25
15
20
31
11
14
15
16
11
10
23
23
16
14
18
16
35
35
15
9+


  32. captain john baker, va


145541
j2
12
24
15
10
14
16
11
15
12
12
11
29
16
8
9
11
11
28
16
19
29
13
15
16
18
11
10
19
20
12
14
17
16
36
37
11
9+


a0006
j2
12
24
15
10
14
16
11
15
12
12
11
29
16
8
9
11
11
28
16
19
29
13
15
16
18
11
10
19
20
12





11
9


a0007
j2
12
24
15
10
14
16
11
15
12
12
11
29
16
8
9
11
11
28
16
19
29
13
15
16
18
11
10
19
20
12





11
9


  33. nash, nc / darlington, sc
bakers


3437
r1b1a2
14
24
14
11
11
13
12
12
12
13
13
30



























104901
r1b1a2
14
24
14
11
11
13
12
12
12
13
13
30
18
9
10
11
11
25
15
19
27
15
15
15
17
11
11
19
23
17
15
17
17
35
37
12
12


152698
r1b1a2
14
24
14
11
11
13
12
12
12
13
13
30
18
9
10
11
11
25
15
19
27
15
15
15
17
10
11
19
23
17
15
17
17
35
37
12
12


167291
r1b1a2
14
24
14
11
11
13
12
12
12
13
13
30
18
9
10
11
11
24
15
19
28
15
15
15
17
10
11
19
23
17
15
18
17
35
37
12
12


a0003

14
24
14
11
11
13
12
12
12
13
13
30
18
9
10
11
11
24
15
19
28
15
15
15
17
10
10
19
23
17





12
12


  34. joseph baker 1710-1787
nansemond, va - franklin county, nc


153218
i1
13
23
14
10
13
14
11
14
11
13
11
29
16
8
9
8
11
23
16
20
28
12
14
15
16
10
10
19
21
14
14
17
20
34
38
12
11


167540
i1
13
23
14
10
13
14
11
14
11
12
11
28
16
8
9
8
11
23
15
20
28
12
14
15
16
10
10
19
21
14
14
17
20
35
39
12
11


184233
i1
13
23
14
10
13
14
11
14
11
12
11
28
16
8
9
8
11
23
16
20
28
12
14
15
16
10
10
19
21
14
14
17
20
34
39
12
11


211638
i1
13
23
14
10
13
14
11
14
11
12
11
28
16
8
9
8
11
23
16
20
28
12
14
15
16
10
10
19
21
14
14
18
20
34
38
12
11


a0012
i1
13
23
14
10
13
14
11
14
11
12
11
28
16
8
9
8
11
23
16
20
28
12
14
15
16
10

19
21
14





12
11


a0013
i1
13
23
14
10
13
14
11
14
11
12
11
28
16
8


11
23

20
28
12
14
15
16
11
10
19
21







11


a0014
i1
13
23
14
10
13
14
11
14
11
12
11
28
16
8


11
23

20
28
12
14
15
16
11
10
19
21







11


  35. early pennsylvania or maryland bakers


2670
r1b1a2
13
23
14
12
12
14
12
12
12
14
13
31



























160532
r1b1a2
13
23
14
12
12
14
12
12
12
14
13
31
17
9
10
11
11
27
15
19
29
15
15
17
17
1011
19231514181637371112


573890

13
23
14
12
12
14
12
12
12
14
13
31
17
9
10
11
11
26
15
19
29
15
15
17
18
101019231515181637371112


916450

13
23
14
12
12
14
12
12
12
14
13
31
17
9
10
11
11
26
15
19
29
15
15
17
17
11
11
19
231515181637371112


mk65263

13
23
14
12
12
14
12
12
12
14
13
31
17
9
10
11
11
26
15
19
29
15
15
17
17
10
11
19
231515181637371112





k
i
t
#

h
a
p
l
o

3
9
3

3
9
0

1
9

 3
9
1

3 
8
5
a

3 
8
5
b

 4
2
6

3
8
8

4 
3
9

 3
8
9
-
1

3
9
2

 3
8
9
-
2

4 
5
8

4 
5
9
a

4 
5
9
b

 4
5
5

 4
5
4

 4
4
7

 4
3
7

 4
4
8

4 
4
9

4 
6
4
a

4 
6
4
b

4 
6
4
c

4 
6
4
d

4
6
0

g
a
t
a
h
4 

 y
c
a
i
i 
a

 y
c
a
i
i
b

 4
5
6

 6
0
7

5 
7
6

5 
7
0

c 
d
y
a

c 
d
y
b

4
4
2


4
3
8







  unmatched tests


1140
i2a
14
24
16
11
13
15
11
13
12
13
11
29
17
7
10
10
12
24
15
19
28
14
15
15
15
10
9
19
19
14
14
16
20
34
37
11
10


1526
r1b1a2
13
24
14
11
10
14
12
12
13
13
13
29
17
9
10
10
11
25
14
20
30
15
15
16
17














40275
r1b1a2
13
24
14
11
10
14
12
12
13
13
13
29
17
9
10
10
11
26
14
20
30
15
15
16
17














89248
r1b1a2a1b
13
24
14
11
10
14
12
12
13
13
13
29



























203190
r1b1a2
13
24
14
11
10
14
12
12
13
13
13
29
17
9
10
10
11
25
14
20
30
15
15
16
17














310465
r1b1a2
13
24
14
11
10
14
12
12
13
13
13
29
18
9
10
10
11
25
14
20
30
15
15
16
17
11
11
19
23
15
15
19
17
33
37
12
12+


rg001
r1b1a2
13
24
14
10
10
15
12
12
12
13
13
29



12
11
24
15






11
12
19
23







12


63740
r1b1a2
13
24
15
10
10
15
12
12
12
13
13
29
19
9
9
12
11
25
15
19
30
15
15
16
17
11
11
19
23
16
15
17
17
37
39
12
12


250033
r1b1a2
13
24
14
10
10
15
12
12
12
13
13
29
19
9
9
12
11
25
15
19
30
15
15
16
17
12
11
19
23
16
15
17
17
37
39
12
12


2177
r1b1a2
13
25
13
11
11
14
12
12
12
13
12
29



























2487
i2b1
14
23
15
10
14
15
11
13
11
14
12
32



























204138
i2b1
14
23
15
10
14
15
11
13
11
14
12
32
15
8
10
11
11
25
14
20
27
11
14
14
15
11
10
19
21
15
14
17
19
33
34
12
10+


283467
i2b1
14
23
15
10
15
17
11
13
11
14
12
32



























322690
i2b1
14
23
15
10
14
15
11
13
11
14
12
32
15
8
10
11
11
25
14
20
27
11
14
14
15
11
10
19
21
15
14
18
19
33
36
12
10+


406564
i2b1
14
23
15
10
14
15
11
13
11
14
12
31
15
8
10
11
11
25
14
20
27
11
14
14
15
11
10
19
21
15
14
17
20
33
35
12
10+


2567
r1b1a2
13
23
14
11
11
14
12
12
12
13
13
29
19
9
10
11
11
25
15
19
29
15
16
18
19














3179
r1b1a2
13
23
14
11
10
13
12
12
12
13
13
29



























3779
r1b1a2
13
24
14
11
11
14
11
12
12
14
14
30
19
9
10
11
11
26
15
19
29
16
16
17
17
11
11
19
22
15
15
18
16
38
38
12
12


3934
j2
12
23
14
11
13
17
11
16
11
14
11
31



























93714
j2
12
23
14
11
13
17
11
16
11
14
11
31



























93718
j2
12
23
14
11
13
17
11
16
11
15
11
32



























4541
r1b1a2
13
23
14
10
11
14
12
12
11
13
13
30



























4553
r1b1a2
13
23
14
11
11
14
12
12
13
12
13
29



























77793
r1b1a2
13
23
14
11
11
14
12
12
13
12
13
29
16
9
10
11
11
25
15
19
30
15
15
17
17
11
11
19
23
15
15
18
17
38
38
12
12


132036
r1b1a2
13
23
14
11
11
14
12
12
13
12
13
29
16
9
10
11
11
24
15
19
30
15
15
17
17
11
11
19
23
15
15
18
17
38
39
12
12


7760
r1b1a2
13
23
14
11
11
14
12
12
12
13
14
29
17
9
10
11
11
24
15
19
29
15
16
17
18
11
10
19
23
16
15
17
18
37
37
13
12


11119
r1b1a2
13
23
14
10
9
11
12
12
12
13
13
29



























14796
r1b1
13
23
14
10
11
14
12
12
10
14
13
29
16
9
10
11
12
26
15
19
29
14
15
17
18














106194
r1b1
13
23
14
10
11
14
12
12
10
14
13
29
16
9
10
11
12
26
15
19
29
14
15
17
18














16665
r1b1a2
13
25
14
11
11
14
12
12
12
14
13
30
17
9
9
11
11
24
15
19
32
15
15
17
17














18941
i1
11
22
14
11
13
14
11
14
11
12
11
28



























19154
i1
13
22
14
10
13
14
11
14
11
12
11
28
15
7
9
8
11
23
16
20
28
12
14
15
16
10
10
18
21
13
14
17
20
34
36
12
10


21730
r1b1a2
13
24
14
11
11
14
12
12
11
12
13
27
15
9
10
11
11
25
15
19
32
15
16
17
17














21790
r1b1a2
13
24
14
11
12
16
12
12
12
13
13
30
16
9
10
11
11
25
15
18
30
14
15
17
17














22215
r1b1a2
13
23
14
10
11
13
12
12
12
13
13
29
15
9
10
11
11
25
15
19
29
15
16
16
17
11
12
19
23
15
15
18
17
36
37
12
12


24855
r1b1a2
12
23
14
11
12
15
12
14
12
13
13
29
18
9
10
11
11
26
15
19
28
15
15
15
17














25366
r1b1a2a1a4
13
23
14
10
11
15
12
12
12
13
13
29
17
9
10
11
11
25
15
19
30
15
15
16
16
11
10
19
23
15
15
18
17
38
39
12
12+


25529
t
13
23
15
10
13
17
11
12
11
13
13
31
17
9
9
11
13
26
14
19
33
11
11
15
16
10
9
22
25
17
14
16
17
34
36
11
9


64302
t
13
23
15
10
13
17
11
12
11
13
13
31
17
9
9
11
13
26
15
20
33
11
11
15
16
9
9
22
24
17
14
16
17
34
36
11
9


28950
r1b1a2
13
24
14
10
12
14
12
12
12
14
13
31
17
9
10
11
11
25
15
19
29
14
17
17
17














30916
r1b1a2
13
23
14
11
11
14
12
12
12
13
13
29
17
9
10
11
11
24
15
19
29
15
16
17
19














32011
r1b1a2
13
24
14
11
11
14
12
12
11
13
13
29
19
9
10
11
11
26
15
19
30
15
16
17
17














32220
r1b1a2
13
24
14
10
11
14
12
12
12
13
13
29
17
9
9
11
11
25
15
19
29
15
15
17
17
10
11
17
23
15
15
18
17
35
36
12
12+


37907
r1b1a2
13
24
14
11
11
13
12
12
12
13
13
29



























39665
r1b1a2 
13
24
14
10
11
14
12
12
12
13
13
28
19
9
10
11
11
25
14
19
29
15
15
16
17














39789
r1b1a2
13
23
15
11
11
11
12
12
11
13
13
30
16
9
10
11
11
24
15
19
28
16
16
17
17














48519
i1
14
22
14
10
13
14
11
14
11
12
11
28
15
8
9
8
11
22
16
20
29
12
14
15
15
10
10
18
21
13
14
16
20
35
36
12
10


144841
i1
14
22
14
10
13
14
11
14
11
12
11
28
15
8
9
8
11
22
16
20
29
12
14
15
15
10
10
18
21
13
14
16
20
35
36
12
10+


50663
i2a
13
23
16
11
12
12
11
13
11
13
11
28
19
8
9
11
11
26
15
21
30
11
14
14
14
10
11
11
21
14
12
18
17
32
33
12
10


52569
r1b1a2
13
24
14
10
12
14
12
12
13
13
13
29
17
9
10
11
11
25
15
19
30
14
15
17
18
12
11
19
23
15
16
17
16
36
37
12
12+


52861
r1b1a2
13
24
14
10
11
15
12
12
11
13
13
29
17
9
10
11
11
24
15
19
28
15
15
16
17














54624
e1b1a
13
21
16
10
16
16
11
12
12
13
11
30
17
8
10
11
11
25
14
21
32
13
16
16
17
10
11
19
19
15
14
16
16
33
34
11
11


55839
r1b1a2
13
24
14
10
11
14
12
12
13
13
13
29
17
9
9
11
11
25
15
19
30
15
16
17
17














55844
r1b1a2
13
25
14
11
11
13
12
12
12
13
14
29
18
9
10
11
11
25
14
18
30
15
16
16
17














56842
r1b1a2
13
24
14
11
11
14
12
12
12
12
13
28



























57068
i
13
22
14
10
12
14
11
14
12
12
11
28
15
8
9
8
11
25
16
20
29
12
13
16
16
10
10
19
21
14
14
15
20
35
36
11
10


57155
r1b1a2
14
24
14
10
12
14
13
12
12
13
14
29
17
9
9
11
11
24
15
19
29
16
16
17
18
12
10
19
23
16
17
17
16
36
37
12
12


58171
r1b1a2
13
25
14
10
11
14
12
12
11
13
13
29
17
9
10
11
11
25
15
19
29
14
15
16
16
11
12
19
23
15
15
19
17
34
37
12
12+


58313
r1b1a2
13
24
14
10
11
15
12
12
12
12
13
28
17
9
10
11
11
25
15
19
29
15
15
16
16
10
11
19
23
15
15
17
17
36
39
12
14


60754
r1b1a2
13
24
15
11
11
14
12
12
12
14
13
30
17
9
10
11
11
25
15
19
30
15
16
17
17
11
11
19
23
15
15
18
17
36
42
12
12


61070
i1a
13
22
14
10
13
15
11
14
11
13
11
30
15
8
9
8
11
23
16
20
29
12
15
15
16














61993
r1b1a2
13
24
14
10
11
14
12
12
11
13
14
29
18
9
9
11
11
26
15
19
30
15
15
17
17
11
11
19
23
15
15
19
16
35
36
12
12


67414
r1b1a2
13
24
14
10
11
15
12
12
11
13
14
29
18
9
9
11
11
26
15
19
30
15
15
17
17
11
11
19
23
16
15
18
16
35
36
12
12


65003
j2
12
23
14
10
13
17
11
15
11
13
11
29
14
8
9
11
11
25
15
21
29
14
14
15
16
10
10
19
23
15
15
17
15
34
36
10
9+


97283
j
12
23
14
10
13
17
11
15
11
13
11
29



























65372
i1
13
24
14
10
14
15
11
14
12
12
11
27
15
8
9
8
11
23
16
20
28
12
15
16
16
11
10
19
21
14
14
16
22
35
38
12
10


72860
i1
13
22
14
10
13
14
11
14
11
12
11
29
16
8
9
8
11
22
16
20
30
12
14
14
16














74742
r1b1a2
13
24
14
11
12
14
12
12
12
13
13
29
17
9
10
11
11
25
15
19
30
15
15
16
17
11
11
19
23
17
14
18
18
36
37
12
12


81550
r1b1a2
13
24
14
11
12
14
12
12
13
13
13
29
17
9
10
11
11
25
15
19
30
15
15
15
17
11
11
19
23
17
14
19
17
35
37
12
12+


141431
r1b1a2
13
24
14
11
12
14
12
12
13
13
13
29
17
9
10
11
11
25
15
19
30
15
15
15
17
11
11
19
23
17
14
18
17
35
36
12
12+


142100
r1b1a2
13
24
14
11
12
12
12
12
13
13
13
29
17
9
10
11
11
25
15
20
31
15
15
15
17
11
11
19
23
17
14
18
17
35
37
12
12+


83431
r1b1a2
13
24
14
11
11
13
12
12
11
12
13
28
17
9
10
11
11
25
15
19
29
14
17
17
17
10
11
19
23
15
15
18
16
36
36
11
12+


308070
r1b1a2
13
24
14
11
11
13
12
12
11
12
13
28
17
9
10
11
11
25
15
19
29
14
17
17
17
10
11
19
23
15
15
18
16
36
36
11
12


84196
r1b1a2
13
23
14
11
11
14
12
12
12
13
13
30
18
9
10
11
11
25
15
19
29
15
15
17
18
11
11
19
23
16
14
18
20
37
38
10
12


84446
i
13
24
15
11
13
17
11
13
11
12
11
28
15
8
10
10
12
25
15
21
26
14
14
15
15
10
9
19
19
14
14
16
20
34
36
12
10


92879
i
13
24
16
11
13
17
11
13
11
12
11
28
15
8
10
10
12
25
15
21
26
14
14
15
15
10
9
19
19
14
14
16
20
34
36
12
10


80397
r1b1a2
12
24
14
11
11
14
12
12
11
13
14
28
17
9
10
11
11
26
15
17
29
15
15
16
18
11
12
19
22
16
15
19
17
36
37
12
12


86296
r1b1a2
12
24
14
11
11
14
12
12
11
13
14
28
17
9
10
11
11
26
15
17
29
15
15
16
18
11
12
19
22
16
15
20
17
36
37
12
12


88505
r1b1a2
13
24
14
11
11
14
12
12
12
13
13
29
18
9
9
11
11
25
15
19
28
15
15
17
18
10
11
19
23
15
15
18
17
35
38
12
12


105809
r1b1a2
13
24
14
11
11
14
12
12
12
13
13
29
18
9
9
11
11
25
15
19
28
15
15
17
18
10
11
19
23
15
15
19
17
35
39
13
12


161706
r1b1a2
13
24
14
11
11
14
12
12
12
13
13
29
18
9
9
11
11
25
15
19
28
15
15
17
18
10
11
19
23
15
15
18
17
35
38
12
12+


194275
r1b1a2
13
24
14
11
11
14
12
12
12
13
13
29
18
9
9
11
11
25
15
19
28
15
15
17
18
10
11
19
23
15
15
18
17
35
38
12
12


90058
r1a1
13
25
16
11
11
15
12
12
10
13
11
30
15
9
10
11
11
23
14
20
33
13
15
15
16














93993
r1a1
13
25
15
10
11
14
12
12
10
13
11
30



























94102
r1b1a2
14
24
14
11
11
14
12
12
12
13
13
29
18
9
10
11
11
25
15
19
29
15
15
17
18
11
11
19
23
16
15
17
19
38
39
12
13


94682
r1b1a2
13
24
15
10
12
14
12
12
13
13
13
29
16
9
10
11
11
24
15
19
30
15
15
16
17
11
11
19
23
15
15
18
17
36
39
11
12+


117307
r1b1a2
13
24
15
10
12
14
12
12
13
13
13
29
16
9
10
11
11
24
15
19
30
15
15
16
17
11
11
19
23
15
15
18
17
36
39
11
12


101241
r1b1a2
13
25
14
10
11
15
12
12
13
13
13
29
19
9
9
11
11
25
15
19
29
15
15
17
17
11
11
19
23
14
14
20
16
37
37
12
11


101991
r1b1a2
13
23
14
11
11
11
12
12
12
13
13
29
16
9
9
11
11
25
15
20
29
16
16
17
17
10
11
19
23
16
16
18
17
36
36
12
12


102226
r1b1a2
13
23
14
11
11
14
12
12
11
13
13
29
15
9
10
11
11
26
15
19
30
15
16
17
19














105809
r1b1a2
13
24
14
11
11
14
12
12
12
13
13
29
18
9
9
11
11
25
15
19
28
15
15
17
18
10
11
19
23
15
15
19
17
35
39
13
12


106136
r1b1a2
13
24
14
11
11
14
12
12
11
14
14
30
17
9
9
11
11
25
15
19
30
12
15
16
17
11
11
18
23
17
14
20
17
38
38
12
12


108665
r1b1a2
13
24
14
11
12
13
12
12
11
14
13
30
16
9
10
11
11
26
15
19
31
15
16
18
18
11
11
19
23
16
16
17
19
36
38
11
12


116220
r1b1a2
13
24
14
11
11
14
12
12
12
13
13
29
17
9
10
11
11
25
15
19
28
15
15
16
17
11
11
19
22
17
14
19
19
36
37
12
12+


119187
r1b1a2
13
23
14
11
11
14
12
12
12
13
13
30
18
9
10
11
11
25
15
19
31
14
15
17
18
10
10
19
23
15
15
17
18
35
36
11
12+


122286
r1b1a2
13
24
14
11
11
14
12
12
12
13
13
31
18
9
10
11
11
24
15
19
29
15
16
16
17
11
10
19
22
15
15
17
17
36
38
12
12


125160
j2
12
25
15
10
13
16
11
15
11
12
11
28
16
8
9
11
10
28
16
19
30
13
13
15
15
11
10
18
19
13
14
15
17
38
39
11
9


125487
r1b1a2
14
24
14
10
11
13
12
12
13
14
14
31
17
9
10
11
11
26
15
19
32
16
17
18
18
11
11
19
23
16
15
18
17
37
38
12
12


126235
i1
13
22
14
10
13
13
11
15
11
12
11
29
15
8
9
8
11
24
16
19
29
12
12
14
14














131464
r1b1a2
13
23
14
11
12
14
12
12
12
13
13
29
15
8
8
11
11
25
15
19
29
15
15
15
17
11
11
19
19
15
15
18
17
37
37
12
12


131775
r1b1a2
13
24
14
11
13
14
12
12
12
13
13
29
17
9
10
11
11
25
15
19
29
15
15
15
17
11
11
19
23
15
15
16
16
34
36
12
12


131860
r1b1a2
13
23
14
11
11
14
12
12
11
13
13
28
17
9
10
11
11
25
15
19
29
15
15
16
18
10
11
21
23
16
15
18
17
38
38
12
12+


132712
r1b1a2
13
25
14
11
11
15
12
12
12
13
13
29
16
9
10
11
11
25
15
19
29
14
15
15
17
10
11
19
23
15
15
16
20
38
40
12
12


137950
i1
13
23
14
10
13
15
11
14
11
12
11
28
14
8
9
8
11
23
16
18
28
12
14
15
16
10
10
19
21
14
14
17
20
34
36
11
10+


149875
r1b1a2
14
23
14
11
11
16
12
12
12
13
14
29
18
9
9
11
11
25
15
17
29
15
15
16
16
10
11
19
23
16
15
19
17
35
35
13
12


150965
j2
12
23
14
10
12
18
11
15
11
13
11
28
17
8
9
11
11
27
15
21
33
12
14
14
16
11
10
19
22
15
14
18
17
36
39
11
9+


152421
r1b1a2a1b5
14
24
14
11
11
12
12
12
13
13
15
29
17
9
10
11
11
26
15
19
32
15
15
17
17
10
11
19
22
18
15
17
18
35
35
12
12+


157736
t
13
22
13
10
13
15
11
12
11
14
13
29
14
9
9
12
12
26
15
19
35
11
11
15
16
10
11
23
25
17
13
18
16
32
34
11
9


159017
r1b1a2
13
24
15
11
12
14
12
12
12
13
13
29
16
9
10
11
11
26
15
19
29
15
15
17
17
11
11
19
19
15
15
19
18
37
40
12
12+


161830
r1b1a2 
13
24
14
11
11
14
12
12
12
13
13
29
17
9
9
11
11
25
15
19
28
15
15
17
18














162936
r1a1a
13
25
15
11
14
14
12
12
10
13
11
30
15
9
10
11
11
23
14
20
31
12
15
15
16














167425
r1b1a2
14
24
15
11
12
14
12
12
12
13
13
29
18
9
10
11
11
24
15
19
29
15
15
16
17
10
11
19
23
15
16
16
18
36
37
12
12


166738
i2b1
15
24
15
10
16
16
11
13
12
13
12
30
16
8
9
11
11
26
15
20
27
11
11
14
16
11
10
19
21
14
14
19
18
29
38
12
10


171044
r1b1a2
13
23
14
11
10
14
12
12
12
13
13
29
16
9
10
11
11
24
15
19
29
15
16
18
19
11
11
19
23
16
14
18
17
37
38
12
12


171300
r1b1a2
13
24
14
11
12
15
12
12
12
13
13
29
16
9
10
11
11
25
15
20
29
15
15
15
17
11
10
19
23
15
14
17
17
40
40
12
12


174219
r1b1a2
13
24
14
11
11
14
12
12
12
13
13
29
17
10
10
11
11
25
14
18
29
15
15
17
18
11
10
19
23
15
15
19
17
37
37
13
11+


502495
r1b1a2
13
24
14
11
11
14
12
12
12
13
13
29
17
10
10
11
11
25
14
18
29
15
15
17
17
11
10
19
23
15
15
19
17
37
37
13
11


175601
i1
11
22
14
10
13
14
11
14
11
12
11
28
15
8
9
8
11
23
16
20
28
12
14
15
16
10
11
19
21
15
14
17
19
34
36
12
10+


179314
r1b1a2
13
22
14
11
11
14
12
12
12
14
13
30
17
9
10
11
11
24
15
19
29
16
16
17
18
10
10
19
23
15
15
17
19
37
38
14
12


184233
i1
13
23
14
10
13
14
11
14
11
12
11
28
16
8
9
8
11
23
16
20
28
12
14
15
16
10
10
19
21
14
14
17
20
34
39
12
11


195490
r1b1a2
12
25
14
10
11
15
12
12
11
13
13
28
17
9
10
11
11
26
15
19
29
15
15
16
16
11
11
19
23
16
14
18
16
33
38
12
12


205743
i
13
22
14
10
13
14
11
14
11
12
11
28
15
8
9
8
11
21
16
20
29
12
14
15
15
10
10
19
21
15
14
17
18
34
34
12
10


211512
g
14
22
15
10
14
15
11
13
11
12
11
29
17
9
9
11
11
22
16
21
31
12
13
13
14
10
10
20
20
15
13
16
19
36
38
11
10


211636
i2b1
15
23
16
10
15
15
11
13
12
14
12
32
16
8
10
11
11
25
14
20
27
11
14
15
15
10
9
19
21
14
14
17
17
33
38
12
10


241250
i2b1
15
23
16
10
15
15
11
13
12
14
12
33
16
8
10
11
11
25
14
20
27
11
14
15
15
10
9
19
21
14
14
17
18
33
38
12
10


984392
i2b1
15
23
16
10
15
15
11
13
11
14
12
33
16
8
10
11
11
25
14
20
27
11
14
15
15
10
9
19
21
14
14
17
18
33
38
12
10


213422
i1
14
22
14
10
13
13
11
14
11
12
11
28
15
8
9
8
11
22
16
20
29
12
14
15
15
11
9
19
21
15
14
15
18
36
37
12
10+


233314
i1
14
22
14
10
13
13
11
14
11
12
11
28
15
8
9
8
11
22
16
20
29
12
14
15
15
11
9
19
21
15
14
15
18
36
37
12
10+


214660
r1b1a2
13
25
15
11
11
11
12
12
12
13
13
29
16
9
10
11
11
25
15
19
29
15
15
17
18
11
11
19
22
16
15
17
18
35
37
12
12


216648
r1b1a2
13
25
14
11
12
13
12
12
12
13
14
30
17
9
10
11
11
25
15
18
27
14
16
16
17
11
11
19
23
17
17
18
15
37
39
12
12+


222241
i1
13
23
14
10
13
14
11
14
11
12
11
28
15
8
9
8
11
23
16
20
27
14
15
15
15
10
10
19
21
14
14
18
19
34
38
13
10+


223183
r1a1
13
25
15
11
11
14
12
12
10
13
11
30
15
9
10
11
11
23
14
20
31
12
15
15
17
10
11
21
21
16
16
18
18
33
39
12
11+


249958
r1a1
13
25
15
11
11
14
12
12
10
13
11
30
15
9
10
11
11
23
14
20
31
12
15
15
17
10
11
21
21
16
16
18
18
34
39
12
11+


225353
r1b1a2
13
24
14
10
11
14
12
12
12
13
13
28
19
9
10
11
11
25
14
19
29
15
16
17
17
11
12
19
23
16
16
18
18
36
37
12
12


227864

12
23
15
10
13
13
11
15
10
13
11
29
15
9
9
11
11
25
15
21
31
13
13
16
16
11
11
19
22
15
13
17
18
36
38
13
9


243978
r1b1a2
13
24
14
11
11
16
12
12
12
13
13
29
16
9
9
11
11
25
15
19
29
15
15
17
17
9
11
19
23
17
14
17
18
38
38
12
12


247768
r1b1a2
12
23
14
11
12
14
12
12
13
12
13
29
17
9
10
11
11
25
15
19
29
15
16
17
18
11
11
19
23
16
15
15
17
37
41
12
12+


247995
r1b1a2
13
24
13
11
11
14
12
12
12
13
13
30
17
9
10
11
11
25
15
19
31
15
16
17
17
11
10
19
23
15
15
16
17
37
37
13
12


265533

13
24
14
11
11
14
12
12
13
13
13
29
16
9
9
11
11
25
15
19
30
14
15
17
17
11
11
19
23
15
15
19
18
36
38
12
12


267315
r1b1a2
13
23
14
11
11
15
12
12
12
13
13
29
17
9
10
11
11
25
14
19
29
15
15
17
18
11
11
19
22
16
14
16
17
36
39
12
12


267316
r1b1a2
13
23
14
11
11
15
12
12
12
13
13
29
17
9
10
11
11
25
14
20
29
15
15
17
18
11
11
19
22
16
14
16
17
36
39
12
12


283060
r1b1a2
13
23
14
11
11
15
12
12
12
13
13
29
16
9
11
11
11
24
15
19
29
15
16
17
18
11
10
19
23
17
15
17
17
37
38
12
12


297547
r1b1a2
13
24
14
12
11
14
12
12
11
14
14
30
16
9
10
11
11
25
15
19
29
15
15
16
17
11
11
19
23
17
14
20
18
37
38
12
12


308596
r1b1a2
13
25
14
11
11
13
12
12
12
14
14
30
17
9
10
11
11
25
15
18
31
15
16
16
17
11
11
19
23
17
16
17
17
39
40
12
12+


324864
r1b1a
14
23
14
10
9
11
12
12
12
13
13
29
17
9
10
11
11
25
15
19
30
15
15
16
17
11
10
19
23
15
15
18
17
36
36
12
12


340616
r1a1a1a
13
26
15
10
11
14
12
10
10
13
11
31
15
9
10
11
11
25
14
19
31
12
14
14
18
11
11
19
23
15
16
18
19
33
39
13
11+


421542
r1a1a1a
14
26
15
10
11
14
12
10
10
13
11
31
15
9
10
11
11
25
14
19
31
12
14
14
18
11
11
19
23
15
16
17
19
33
38
13
11


366808
i
13
23
14
10
14
14
11
14
11
12
11
28
15
8
9
8
12
23
16
19
28
12
14
14
15
10
9
19
21
14
14
17
17
36
37
12
10


366439

13
24
14
12
11
14
12
12
13
13
13
29
16
9
10
11
11
26
15
19
30
14
15
16
17
11
10
19
23
16
15
18
16
37
38
12
12+


382117

13
24
14
12
11
14
12
12
13
13
13
29
16
9
10
11
11
26
15
19
30
14
15
16
17
11
10
19
23
16
15
17
16
38
38
12
12+


429278

15
23
16
10
15
15
11
13
11
14
12
33
14
8
9
11
11
25
14
20
28
11
14
14
15
11
10
19
21
15
14
17
18
34
39
12
10+


498431

13
25
14
11
11
14
12
12
13
14
13
30
18
9
10
11
11
25
15
19
30
15
15
17
18
11
11
19
23
15
15
18
17
39
39
12
12


504282

13
22
13
9
12
14
11
12
11
13
11
30
15
8
9
11
11
25
14
22
37
14
16
17
17
10
10
19
22
15
13
16
19
36
39
10
10+


510021

13
24
14
11
11
11
12
12
12
13
13
29
17
9
10
11
11
25
15
19
32
14
15
16
17
11
11
19
23
16
15
18
16
37
40
13
12


685995

132415111113111212131329179911112515192915151717111119231615181736391212+


632648

13
23
14
11
10
14
12
12
12
13
13
29
18
9
10
11
11
24
15
19
30
15
15
17
17
10
11
19
23
16
15
19
17
37
38
12
12+


787374

13
23
14
11
10
14
12
12
12
13
13
29
18
9
10
11
11
24
15
18
30
15
15
17
18
10
11
19
23
16
15
19
17
37
37
12
12+


759847

132413101214121211131329179911112514202915161617111119231415171737411212


837975

1323141011151212121314291791011112514192915151518111119191615171737401212+


878320

12
23
13
10
12
17
11
15
12
13
11
31
15
9
9
11
11
26
14
20
32
12
13
16
16
10
10
19
22
15
14
17
16
38
38
11
9+


907844

1525151114161113111211291681010122414202814141515101019191413181936381210+


938331

1324141011141212121413301891011112515193114151517101119231715182037391212


in109677

152316101515111312141232168101111251420271114141510919211414161833371310+


n4923
i
13
25
16
11
13
18
11
13
11
12
11
27



























n6578
r1a1
13
26
16
10
11
14
12
12
11
13
11
29



























n10185
r1b1a2
13
23
14
10
11
14
12
12
12
14
13
30



























n10303
r1b1a2a1a
13
23
14
11
11
15
12
12
12
13
13
29
17
9
10
11
11
26
15
19
29
15
15
17
17
11
11
19
22
16
15
18
18
37
41
12
12


n10960
e1b1a
14
21
16
10
17
17
11
12
12
13
11
30



























n14196
r1b1a2
13
23
14
11
10
14
12
12
12
13
13
29
17
9
10
11
11
25
15
19
29
15
16
18
19
11
11
19
23
15
14
17
17
37
37
12
12


n14767
r1b1a2a1a1
13
23
14
11
12
14
12
12
12
13
13
30
17
9
10
11
11
25
15
19
29
15
15
17
17
11
11
19
23
17
15
19
17
38
40
12
12


n19891
i1-as1
13
22
14
10
13
14
11
14
12
12
11
28
17
8
9
8
11
22
16
20
26
12
14
15
16
11
9
19
21
15
16
18
19
34
35
12
10+


n30747
r1b1a2
13
24
14
11
11
14
14
12
12
13
13
29



























n33258
i
13
23
14
10
14
14
11
14
11
12
11
28



























n38679
g
14
23
15
10
14
15
11
12
11
12
12
28



























n42817
i
13
23
14
10
13
15
11
14
11
12
11
29
15
8
9
8
11
23
16
20
28
12
14
15
16
10
10
19
21
14
14
17
21
35
37
12
10


n45796
r1b1a2
13
23
14
10
11
14
12
12
12
13
13
30



























n63312
i1
13
22
14
11
13
15
11
14
11
12
11
28



























n74706
r1b1a2
13
24
14
10
12
15
12
12
12
14
13
30
18
9
9
11
11
25
15
19
29
15
15
16
17
11
10
19
23
16
15
18
18
37
39
12
12


a0002
r1a
13
24
16
11
10
14
12
12
10
13
11
29
18
9
10
11
11
24
14
21
32
12
15
15
16
12
24
19
25
15






11


b212483

142313101214121211131329169911112415192815161719111019231615171735361212


2328
i2b
15
23
15
9
1515
11
13
12
13
12
30
15
810
11
11
24
14
20
27
11121415
11
9
1821
15
15
17
18
3339
12
10+


b387821

15
23
15
9
1515
11
13
12
13
12
30
15
810
11
11
24
14
20
27
11121415
11
9
1821
15
15
17
18
3339
12
10+


b451610
i-m223
14
23
17
10
1414
11
13
10
13
12
30
16
810
11
11
25
14
20
32
11151516
10
11
1923
14
14
18
18
3238
12
10




notes from familytree dna:

haplogroups in red have been predicted by family
tree dna based on unambiguous results in the individuals' personal page. please
note that for any predicted results we see no reason for ordering a snp test to
confirm the haplogroup. if a blank space is in the haplo field then we feel
that the comparative results are not clear and unambiguous and if the kit
holder wants to know their snp with 100% confidence they may consider ordering
a snp confirmation test.

dys 19 is also known as dys 394.

it is obvious from our observation of 1000's of samples that some markers
change or mutate at a faster rate than others. while that actual 'faster rate'
has not yet been definitively calculated, not all markers should be treated the
same for evaluation purposes.

the markers in red have shown a faster mutation
rate then the average, and therefore these markers are very helpful at
splitting lineages into sub sets, or branches, within your family tree.

explained another way, if you match exactly on all of the markers except for
one or a few of the markers we have determined mutate more quickly, then
despite the mutation this mismatch only slightly decreases the probability of
two people in your surname group who match 11/12 or even 23/25 of not sharing a
recent common ancestor. 





